2 19 27 -1 13 98 -1 8 22 42 -1 1 10 45 46 47 -1 -2
22 925 -1 1 10 45 46 49 65 -1 524 -1 1 10 36 45 46 47 270 271 -1 -2
2 18 19 -1 8 12 211 -1 1 10 45 46 -1 -2
1 10 46 97 185 186 209 312 566 -1 -2
4 5 6 63 -1 12 42 1475 -1 133 -1 8 -1 36 47 186 322 -1 1476 -1 1 10 45 46 47 -1 8 -1 1 10 36 45 46 47 185 186 -1 1476 -1 47 185 186 1477 -1 -2
1 10 45 46 111 114 -1 377 -1 -2
8 12 83 163 164 212 264 710 -1 1 10 45 46 301 -1 -2
46 209 -1 -2
1 10 36 45 46 47 96 148 422 -1 -2
1 10 36 46 67 73 74 305 -1 -2
5 6 63 -1 364 -1 8 22 28 -1 1 10 45 46 187 -1 -2
92 312 985 986 -1 -2
1 10 36 45 46 54 55 70 88 106 251 293 398 516 526 527 528 529 530 531 532 533 534 535 536 537 538 539 540 -1 -2
45 46 47 73 -1 3 22 238 391 524 -1 -2
5 6 63 -1 22 28 -1 -2
22 64 -1 -2
5 6 63 1611 1612 -1 95 1613 -1 8 675 -1 1 10 45 46 72 305 312 332 385 430 434 781 826 831 833 835 837 838 839 1016 1023 1322 1401 1402 1404 1615 1616 1617 -1 1618 -1 -2
37 -1 12 22 775 776 -1 -2
2 18 19 -1 14 26 -1 17 20 52 205 297 698 -1 1 10 36 45 46 47 70 75 76 -1 -2
502 -1 36 37 38 50 252 293 332 503 504 -1 22 -1 72 504 -1 -2
470 471 472 474 475 1738 1890 1891 1892 1893 1894 1895 -1 -2
2 18 19 -1 12 22 42 -1 -2
1 10 36 38 45 46 47 96 137 138 140 198 278 316 428 -1 -2
2 18 19 -1 12 42 1420 -1 54 134 135 -1 -2
18 -1 12 22 64 -1 -2
6 63 -1 1 10 36 45 46 47 70 251 270 306 -1 -2
364 -1 8 12 28 -1 1 10 45 46 47 -1 8 -1 1 10 45 46 187 -1 -2
1 10 47 48 49 -1 -2
27 -1 25 26 -1 22 354 -1 -2
10 37 46 -1 -2
19 -1 12 -1 1 10 36 45 46 65 304 -1 -2
2 18 19 -1 22 42 238 -1 1 10 37 45 46 -1 -2
2 18 19 -1 8 22 28 212 -1 1 10 45 46 47 70 1126 -1 -2
5 6 63 -1 22 42 87 240 -1 1 10 47 -1 -2
2 18 19 -1 17 53 127 698 -1 1 10 36 37 45 46 -1 51 52 284 -1 1 10 45 46 58 635 -1 -2
2 18 19 86 -1 22 42 1565 -1 547 -1 1 10 36 45 46 47 1566 -1 1567 -1 692 -1 -2
2 18 19 -1 14 26 -1 20 161 202 900 1483 -1 -2
27 -1 12 1666 -1 6 -1 1645 1646 1647 1648 1667 1668 -1 -2
2 18 19 -1 22 28 -1 -2
18 19 -1 5 6 99 -1 -2
8 12 42 -1 1 10 45 46 47 113 -1 104 -1 -2
2 18 19 27 -1 12 28 -1 1 10 45 46 47 -1 -2
8 22 28 212 -1 1 10 45 46 47 -1 -2
15 17 595 1170 -1 36 47 -1 15 161 1171 -1 1 10 37 -1 -2
1 10 45 46 73 206 -1 -2
2 18 19 86 -1 12 42 -1 -2
2 18 19 281 -1 82 348 -1 31 32 223 229 344 345 1637 1638 1639 1640 1641 -1 -2
2 18 27 -1 12 21 22 64 83 163 164 264 265 357 570 947 948 949 950 -1 -2
2 18 19 -1 8 22 28 -1 1 10 37 45 46 -1 -2
4 63 -1 26 -1 102 103 -1 8 22 42 -1 1 10 45 46 47 -1 104 -1 -2
1 10 36 47 70 91 137 138 140 215 429 640 704 -1 -2
5 6 63 -1 12 42 -1 -2
12 64 83 208 1215 -1 -2
5 6 63 -1 22 42 1061 -1 1 10 58 536 -1 -2
11 87 117 184 211 -1 -2
1 10 46 96 97 -1 -2
18 19 -1 -2
2 18 19 -1 12 -1 -2
22 -1 1 10 45 46 48 148 -1 -2
2 18 19 -1 8 12 211 -1 1 10 36 45 46 47 -1 8 12 87 289 -1 1 10 36 45 46 47 -1 -2
15 16 17 20 52 -1 1 10 36 45 46 301 -1 15 17 20 52 1860 -1 1 10 36 37 45 46 -1 -2
2 18 19 27 -1 42 64 -1 -2
1 10 45 46 48 49 -1 -2
20 -1 -2
5 6 63 -1 8 12 42 87 -1 1 10 36 45 46 47 185 186 -1 -2
22 42 1833 -1 1 10 36 45 46 47 235 277 -1 -2
22 28 1466 -1 1 10 45 46 47 -1 -2
10 36 46 -1 -2
2 27 85 86 -1 8 12 22 28 81 83 163 164 507 614 1716 1822 -1 1 10 36 37 45 46 137 138 139 140 141 142 185 186 244 425 426 -1 -2
1 10 45 46 91 241 274 351 -1 -2
2 18 19 27 509 -1 22 28 726 -1 350 -1 725 -1 204 727 -1 12 28 -1 1 36 38 47 80 293 503 534 728 729 730 731 732 -1 82 733 -1 102 103 -1 12 28 726 -1 204 515 646 647 690 727 734 -1 22 28 735 -1 736 737 -1 738 739 740 -1 741 742 743 744 745 746 747 748 749 750 752 -1 8 12 22 390 751 -1 36 47 293 534 640 728 729 -1 8 -1 36 47 293 428 503 534 684 728 730 754 -1 757 758 760 -1 753 755 756 759 761 762 763 764 765 766 767 768 769 770 -1 12 28 771 -1 187 449 612 772 -1 64 758 777 -1 778 780 -1 753 755 759 779 -1 -2
18 19 -1 12 42 104 -1 -2
12 391 -1 -2
1 10 36 45 46 47 49 106 -1 -2
2 18 19 27 -1 22 28 -1 -2
54 134 135 192 451 617 -1 -2
18 -1 1 10 24 37 38 45 46 106 270 312 -1 -2
10 36 186 -1 -2
64 -1 -2
2 18 19 -1 8 22 42 289 -1 1 10 38 45 46 47 -1 8 -1 1 10 38 45 46 47 279 406 499 -1 3 8 -1 1 10 38 45 46 47 -1 -2
1 10 206 -1 -2
2 18 19 -1 22 357 1037 -1 -2
87 118 1049 -1 47 105 293 -1 -2
601 -1 135 294 492 -1 20 52 128 -1 -2
2 18 19 -1 14 26 -1 17 20 52 128 182 1714 -1 1 10 45 46 47 70 75 -1 -2
1 10 36 37 46 122 137 138 140 141 142 195 196 215 422 -1 -2
1 10 45 46 206 609 -1 -2
8 12 22 42 289 -1 1 10 45 46 47 -1 482 -1 36 47 -1 -2
64 104 117 211 -1 -2
1 10 45 46 111 185 243 -1 64 -1 -2
237 1796 -1 457 1075 1797 -1 25 1559 -1 1009 1046 1190 1799 1800 1801 1802 1803 1804 -1 25 172 708 1805 1807 -1 1062 -1 1806 -1 36 72 185 186 -1 -2
18 19 -1 8 21 22 42 -1 1 10 45 46 47 -1 1333 -1 133 491 -1 1333 -1 54 134 135 -1 104 -1 -2
1 10 36 37 38 45 46 303 304 351 -1 12 21 377 -1 134 135 451 480 617 -1 -2
2 18 19 -1 14 26 -1 20 161 -1 -2
4 5 6 63 -1 22 42 291 292 -1 1 10 36 37 45 46 146 185 186 293 -1 -2
85 -1 45 47 640 -1 -2
18 27 -1 3 12 22 42 82 83 164 238 348 602 868 1251 1624 1625 -1 31 32 229 344 345 1626 1627 1628 1629 1630 1631 1632 1633 1634 -1 1 10 36 38 47 92 185 187 316 -1 223 556 1627 1629 1630 1631 1632 1634 -1 36 37 316 -1 229 556 1626 1627 1629 1631 1632 1635 -1 37 38 316 -1 -2
2 18 19 -1 12 87 211 -1 -2
6 -1 12 -1 -2
1 10 45 46 243 -1 -2
2 18 19 -1 12 42 -1 -2
1 10 36 46 47 65 215 -1 -2
2 18 19 86 -1 8 12 22 42 -1 1 10 36 37 45 46 70 76 -1 -2
21 290 1776 -1 -2
12 -1 1 10 37 45 46 49 96 316 -1 -2
123 -1 1 10 36 38 41 45 46 47 105 122 -1 -2
2 19 27 -1 -2
1 10 23 38 45 46 47 74 193 251 394 -1 -2
1 10 36 45 46 74 137 138 140 141 195 245 308 395 -1 -2
15 20 -1 -2
2 665 666 667 -1 8 11 12 22 64 87 117 237 254 668 675 1012 1013 1014 -1 1 10 36 45 46 50 88 92 305 331 416 434 597 781 830 1015 1016 1017 1018 1019 1020 1021 1022 1023 -1 -2
45 134 135 -1 -2
2 18 19 -1 8 12 264 413 -1 1 10 37 38 45 46 244 -1 8 -1 1 37 45 46 -1 -2
1 10 37 45 46 148 185 209 428 729 -1 -2
295 312 591 1572 1573 -1 1574 1575 1576 1577 -1 -2
12 83 -1 5 -1 -2
4 5 6 63 -1 8 22 42 87 -1 443 -1 1500 -1 1 10 45 58 536 -1 118 1501 -1 135 451 480 599 617 1502 -1 87 570 1504 -1 1 10 58 185 186 536 -1 1504 -1 1 10 47 186 -1 -2
1 9 10 23 37 46 113 251 429 558 -1 -2
11 21 -1 -2
1 10 45 46 48 80 148 241 301 640 1145 -1 -2
1 10 45 46 209 215 -1 -2
12 177 404 -1 26 98 -1 8 12 42 -1 1 10 36 45 46 47 -1 87 117 -1 -2
1 10 45 46 541 609 -1 -2
10 46 -1 -2
1 10 36 37 49 137 138 140 147 209 663 1050 -1 -2
27 -1 12 -1 1 9 10 36 45 46 70 72 73 91 185 186 559 1739 1740 1741 -1 -2
5 6 63 101 -1 -2
2 18 19 85 86 -1 -2
5 6 63 -1 8 12 42 87 117 118 377 -1 1 10 36 45 46 47 185 186 -1 64 -1 -2
1 10 45 46 47 111 246 -1 -2
10 36 46 70 149 -1 -2
5 6 63 -1 12 42 -1 -2
1 45 46 -1 -2
1 10 36 46 97 159 209 -1 -2
83 163 236 -1 1 10 36 37 45 46 50 65 111 137 138 140 141 142 148 195 196 209 241 308 422 663 -1 -2
1 10 35 45 46 193 278 293 1361 -1 -2
1 10 45 46 194 271 -1 -2
1 10 24 36 37 45 46 65 95 106 137 138 140 141 142 147 185 186 195 196 209 241 351 422 1590 -1 -2
20 -1 1 10 39 45 46 66 250 252 282 397 544 -1 -2
5 6 63 -1 8 22 42 -1 1 10 36 45 46 47 185 186 -1 -2
10 36 -1 -2
2 18 19 -1 -2
5 6 63 -1 364 -1 22 28 -1 -2
1 10 45 46 73 112 -1 -2
5 -1 1 10 45 46 47 73 271 -1 26 -1 -2
10 36 138 140 142 186 705 1070 -1 -2
1 10 46 110 112 -1 -2
5 6 63 -1 -2
1 46 106 -1 -2
5 6 99 -1 45 248 250 -1 11 22 -1 1 10 24 36 45 46 47 106 -1 -2
2 18 19 -1 8 22 42 -1 1 10 37 45 46 89 244 -1 -2
8 -1 1 10 36 45 46 47 50 70 72 75 89 91 92 137 138 139 140 141 142 185 186 244 305 416 424 426 431 597 940 941 -1 64 212 213 -1 -2
10 36 46 50 72 91 92 256 306 434 662 785 1900 1901 -1 -2
129 -1 1 10 24 45 46 194 -1 -2
5 6 63 -1 17 1064 -1 1 10 36 37 -1 1094 -1 -2
2 18 19 -1 26 98 -1 8 12 136 -1 1 10 36 45 46 47 137 138 140 141 142 185 186 296 425 426 -1 -2
27 -1 409 -1 26 -1 -2
18 -1 22 64 -1 1 9 10 36 45 46 70 111 382 383 384 385 386 387 -1 -2
3 22 64 -1 -2
10 36 138 140 -1 -2
2 18 19 -1 5 6 63 -1 -2
2 18 19 -1 8 22 42 -1 1 10 36 45 46 185 186 296 301 -1 -2
51 128 319 699 892 -1 1 10 38 45 46 47 50 96 148 316 653 835 1176 -1 128 892 -1 1 10 45 46 47 89 96 422 -1 94 -1 1 10 38 45 46 47 96 148 -1 51 94 203 892 -1 1 10 36 37 38 45 46 47 96 148 -1 -2
1 10 46 215 351 -1 -2
117 118 -1 -2
20 -1 294 -1 -2
5 6 63 -1 8 22 42 87 184 -1 1 10 36 185 186 187 -1 -2
12 -1 1 10 45 46 148 187 303 -1 3 -1 -2
2 18 19 -1 8 22 211 212 -1 453 -1 8 -1 1 10 45 46 47 -1 921 -1 61 -1 921 -1 135 192 599 -1 -2
2 18 27 -1 14 26 1538 -1 20 1857 1858 -1 -2
1 10 45 46 65 66 209 -1 -2
2 18 19 281 -1 -2
1 10 36 41 45 46 47 209 -1 -2
2 18 19 -1 8 12 42 -1 1 10 45 46 -1 -2
1 10 45 46 96 304 -1 -2
2 18 19 -1 12 461 636 637 638 -1 99 -1 -2
18 -1 22 -1 -2
2 18 19 -1 11 83 163 164 212 213 238 255 896 1245 1275 1353 1354 -1 -2
656 -1 63 512 657 658 -1 -2
2 18 19 -1 17 20 52 127 -1 1 10 36 37 45 46 -1 318 1182 -1 242 294 492 -1 -2
2 19 27 -1 22 42 508 -1 185 -1 -2
12 22 -1 1 10 36 45 46 47 50 66 209 -1 -2
8 87 -1 1 10 36 45 46 47 110 206 248 250 908 909 -1 -2
350 -1 8 -1 1 10 45 46 47 -1 468 -1 312 -1 -2
18 -1 1 10 36 37 38 45 46 96 422 -1 20 -1 -2
5 6 63 -1 13 98 -1 8 12 42 -1 1 10 45 46 47 -1 407 -1 54 134 242 -1 8 -1 1 10 45 46 47 -1 408 -1 134 135 192 -1 8 -1 1 10 45 46 47 -1 -2
2 18 27 509 -1 8 12 42 82 83 163 164 868 -1 1 10 36 37 38 45 46 47 316 -1 -2
5 6 63 -1 21 22 42 87 464 -1 -2
2 18 19 -1 5 6 63 -1 14 26 -1 52 181 712 713 -1 54 134 135 -1 20 52 -1 -2
45 46 65 -1 -2
2 18 19 -1 8 22 211 377 -1 1 10 45 46 47 -1 -2
37 610 -1 64 -1 -2
4 5 6 63 -1 12 42 911 -1 1 10 47 185 -1 -2
2 18 19 -1 11 22 87 211 631 -1 47 70 581 -1 -2
18 19 27 -1 12 82 733 -1 1029 1588 -1 1 10 36 45 46 47 70 72 75 307 -1 -2
2 18 19 -1 8 22 42 -1 1 10 45 46 47 -1 -2
2 -1 8 12 22 118 675 823 1014 1412 -1 1 10 45 46 305 416 597 1015 1016 1022 1413 1414 1415 -1 -2
134 135 -1 -2
2 18 19 -1 22 28 -1 -2
2 18 27 -1 8 11 12 42 -1 1 10 45 46 47 -1 -2
40 54 134 1069 -1 -2
64 -1 1 46 194 -1 -2
1 9 10 36 37 38 39 41 45 46 72 75 106 250 367 479 1160 1790 -1 1791 -1 294 -1 -2
2 -1 12 211 377 645 -1 1 10 45 46 47 -1 1024 -1 5 6 63 -1 8 -1 1 10 45 46 47 -1 -2
8 28 -1 36 37 50 -1 1457 -1 1 10 37 45 46 -1 -2
1 10 45 46 96 304 -1 64 -1 -2
1 10 37 38 41 45 46 66 80 209 398 -1 109 399 400 401 402 403 -1 1 10 36 37 66 -1 229 -1 175 -1 -2
18 19 -1 -2
1 10 37 46 215 351 -1 -2
2 18 19 -1 12 42 -1 -2
27 -1 12 22 64 237 -1 6 1868 -1 12 22 82 254 377 -1 1009 -1 12 22 377 -1 -2
26 98 -1 12 357 602 1338 -1 102 103 -1 8 22 357 -1 80 226 311 1145 1339 -1 297 299 1340 -1 -2
1 10 24 45 194 1025 -1 -2
8 211 212 -1 1 10 45 46 187 -1 213 -1 45 46 47 -1 -2
10 37 46 1025 -1 -2
2 18 19 -1 173 -1 -2
5 6 63 -1 45 46 185 -1 -2
1 10 36 45 46 72 185 186 869 870 -1 64 -1 -2
1 10 45 46 70 110 114 1730 1731 1732 1733 -1 -2
5 63 -1 8 -1 1 10 36 45 46 47 111 137 138 140 141 142 148 195 196 -1 -2
5 6 63 101 853 -1 8 379 854 -1 1 10 36 37 45 46 70 835 855 856 -1 104 -1 -2
1 10 37 45 46 97 268 -1 -2
15 589 590 -1 36 47 60 92 591 592 593 594 -1 15 17 20 52 595 596 -1 1 10 36 37 45 46 70 185 186 597 -1 15 51 52 589 -1 -2
12 22 -1 1 10 36 45 46 47 88 241 529 700 -1 -2
18 -1 20 -1 1 10 39 45 46 122 250 252 271 397 544 1228 -1 -2
26 98 123 -1 733 -1 520 843 -1 47 606 729 -1 -2
2 18 19 -1 -2
2 18 19 27 -1 -2
18 19 -1 -2
2 18 19 -1 8 12 42 -1 1 10 45 46 47 488 -1 -2
12 -1 1 10 36 45 46 47 97 209 331 504 702 -1 -2
2 18 19 -1 8 12 42 -1 1 10 37 45 46 -1 -2
1 10 36 37 38 45 46 50 73 88 147 185 186 241 277 293 301 434 449 558 612 702 785 1025 -1 -2
2 18 19 -1 8 -1 453 -1 144 1150 1187 -1 26 98 -1 848 1209 -1 39 40 252 453 544 -1 22 81 357 1215 1216 -1 26 98 -1 8 22 81 239 347 357 459 805 895 1071 1215 1217 1218 1219 1220 1221 1222 1223 1224 1225 -1 36 50 1075 -1 26 -1 39 40 80 188 650 731 1040 1069 1147 1153 1227 1228 1229 1231 -1 12 22 64 264 265 950 953 1209 1241 1242 1243 -1 39 40 252 1244 -1 -2
5 6 63 -1 8 632 -1 54 134 135 -1 8 -1 1 10 36 45 46 47 72 92 305 306 415 -1 633 -1 -2
22 357 -1 -2
2 18 27 -1 3 12 42 467 -1 -2
83 163 605 -1 1 10 36 37 206 246 428 431 606 607 -1 -2
2 18 19 -1 12 42 1485 -1 1 10 45 46 47 -1 -2
12 42 83 163 164 165 -1 1 10 36 37 45 46 70 88 89 166 167 -1 -2
1 10 46 54 96 97 134 135 -1 -2
2 18 19 -1 7 26 115 -1 232 871 -1 -2
1 46 -1 -2
2 18 19 -1 -2
2 18 19 -1 8 12 28 -1 1 10 36 37 45 46 185 -1 -2
2 19 27 -1 8 12 87 211 -1 1 10 36 45 46 47 -1 8 87 -1 1 10 36 45 46 47 -1 8 87 -1 1 10 36 45 46 187 -1 8 87 -1 1 10 36 45 46 47 95 -1 8 87 -1 1 10 45 46 47 -1 8 87 118 -1 1 10 36 45 46 47 113 -1 8 87 117 -1 1 10 36 45 46 47 88 -1 8 87 -1 1 10 36 45 46 47 -1 8 87 -1 1 10 36 45 46 47 -1 8 87 -1 1 10 36 45 46 47 305 -1 8 87 117 -1 1 10 36 45 46 47 88 -1 8 87 -1 1 10 36 45 46 95 187 -1 8 87 -1 1 10 36 45 46 187 -1 -2
2 86 -1 -2
1 10 45 46 215 351 -1 -2
1 10 37 46 48 49 -1 -2
10 47 206 -1 -2
1 10 45 46 47 50 70 72 243 268 282 305 415 981 -1 -2
1 10 36 37 46 106 185 186 251 -1 -2
2 18 19 -1 15 20 52 1621 -1 36 58 88 91 516 592 593 635 -1 15 1621 -1 1623 -1 -2
2 18 19 -1 22 42 1421 -1 36 47 70 305 306 1422 -1 1421 -1 -2
2 18 19 -1 14 26 -1 20 52 905 944 1514 -1 -2
2 18 19 -1 13 14 115 -1 20 116 -1 -2
17 20 127 1085 1087 1088 1089 1091 -1 1 10 36 37 70 77 606 -1 20 1088 -1 692 694 -1 -2
25 -1 20 -1 1 10 36 45 46 215 303 -1 -2
22 64 -1 -2
8 22 87 211 -1 1 10 37 45 46 70 72 559 -1 104 -1 -2
5 6 63 -1 14 26 496 -1 20 52 -1 -2
2 18 19 86 283 -1 22 42 -1 -2
1 10 24 36 38 45 46 47 106 270 -1 -2
1 10 45 46 148 274 -1 3 -1 39 40 54 406 416 -1 3 -1 1 10 45 46 58 88 148 274 516 529 635 -1 -2
2 18 19 -1 12 28 1916 -1 -2
2 27 361 509 1433 -1 64 82 237 362 1013 1432 1434 -1 673 1039 1435 1436 1437 -1 1438 1439 -1 20 128 203 1440 1441 1442 -1 1 10 45 46 50 89 188 331 836 1400 -1 22 64 239 1432 1434 1443 -1 673 674 1444 -1 11 64 82 1445 -1 1446 1447 -1 63 658 -1 3 8 11 12 22 64 221 254 362 377 802 894 906 1432 1448 1449 1450 -1 1 10 45 46 50 72 269 305 826 827 830 831 833 835 1018 1451 1452 1453 1454 -1 3 8 377 1455 -1 647 986 1456 -1 -2
2 19 -1 8 22 42 -1 1 10 36 45 46 47 50 -1 104 -1 -2
1 9 10 37 46 111 -1 -2
10 45 46 73 74 -1 -2
2 19 27 -1 12 211 -1 -2
8 -1 364 -1 144 -1 26 98 1592 -1 3 1593 1594 -1 -2
2 18 19 -1 8 22 136 -1 1 10 37 45 46 137 138 139 140 141 142 322 -1 -2
2 19 -1 22 28 1676 -1 1 10 37 45 46 -1 -2
22 -1 1 10 36 45 46 47 48 70 72 148 185 186 -1 -2
18 19 27 -1 5 -1 12 42 104 -1 -2
1 46 96 -1 -2
27 -1 6 99 175 -1 82 83 1362 -1 1029 1363 -1 -2
2 18 19 -1 11 83 144 163 164 238 409 570 614 -1 172 -1 8 22 42 660 -1 1 10 37 45 46 88 185 186 434 -1 685 -1 133 -1 685 -1 61 491 -1 685 -1 54 134 135 -1 -2
12 22 -1 -2
18 19 -1 36 46 -1 -2
2 18 19 -1 15 17 20 51 52 202 578 -1 1 10 36 37 45 46 -1 15 17 20 579 -1 1 10 36 45 46 70 75 91 185 186 187 305 -1 -2
8 12 261 -1 1 10 36 37 38 45 46 47 50 88 89 185 186 -1 -2
4 5 6 63 -1 8 12 42 87 -1 1 10 36 45 46 47 185 186 -1 -2
470 471 474 475 1734 1735 1736 1737 1738 -1 -2
5 6 63 -1 17 20 128 -1 1 10 36 37 45 46 -1 -2
12 -1 1 10 46 47 65 97 -1 -2
2 18 27 281 -1 64 -1 -2
18 -1 22 -1 1149 -1 25 26 -1 -2
5 6 63 -1 12 28 -1 -2
2 18 19 -1 12 87 211 -1 -2
132 133 -1 131 -1 54 134 135 -1 143 -1 -2
2 18 19 86 -1 22 42 -1 -2
1 10 36 38 45 46 47 73 74 110 -1 -2
2 18 19 -1 5 6 63 -1 12 42 104 -1 -2
1 10 36 185 186 241 293 1486 -1 6 -1 -2
15 -1 1 10 24 635 -1 15 -1 1 10 24 635 -1 15 20 161 595 -1 -2
2 18 19 27 -1 -2
2 18 19 27 -1 15 20 52 -1 -2
1 10 37 38 45 46 96 97 215 303 -1 -2
27 -1 64 -1 -2
1 10 47 114 -1 -2
1 10 36 45 46 73 189 312 -1 -2
5 6 63 -1 12 42 1047 -1 133 -1 1047 -1 54 134 135 451 -1 8 1048 -1 1 10 36 45 46 47 185 186 -1 -2
2 18 27 -1 14 26 -1 17 51 52 128 -1 1 10 36 45 46 47 -1 -2
18 509 -1 82 820 -1 -2
2 19 27 -1 26 98 -1 8 22 136 -1 1 10 36 45 46 47 137 138 140 141 142 185 186 244 -1 -2
2 18 19 -1 22 64 362 802 803 804 805 806 807 808 809 810 811 812 813 814 815 816 817 818 819 -1 -2
12 42 1063 -1 1 10 45 46 47 -1 -2
5 6 63 -1 8 1165 -1 1 10 36 45 46 47 70 185 305 1074 1166 -1 1078 1167 1168 1169 -1 -2
26 -1 20 154 155 -1 -2
1 10 36 45 46 96 97 215 -1 -2
2 18 27 -1 26 98 -1 8 21 22 136 -1 1 10 36 45 46 47 50 137 138 140 141 142 185 186 244 425 -1 212 -1 -2
2 18 27 -1 14 26 618 -1 20 1524 -1 1 10 36 37 45 46 -1 -2
2 18 19 27 -1 14 26 -1 17 20 52 53 127 -1 1 10 36 37 45 46 -1 127 128 -1 -2
10 37 38 40 46 92 248 250 252 495 534 543 544 -1 -2
4 63 -1 -2
1821 -1 350 1797 -1 87 118 -1 -2
1 10 36 45 46 137 138 140 194 541 640 663 1246 -1 -2
2 18 27 574 -1 -2
10 36 70 -1 -2
2 18 19 -1 12 42 87 237 -1 -2
1 9 10 46 47 54 96 110 111 134 241 242 -1 -2
10 36 46 -1 -2
1 10 47 422 -1 -2
2 18 19 27 -1 8 22 28 847 -1 1 10 37 45 46 312 -1 848 849 -1 37 45 -1 3 -1 -2
12 -1 1 10 36 45 46 96 97 -1 117 -1 1 10 36 37 45 46 96 97 -1 -2
15 -1 491 -1 -2
12 22 83 212 213 237 238 373 391 850 863 864 954 955 956 957 958 959 960 961 962 963 964 965 966 967 968 969 -1 -2
9 10 111 -1 -2
26 -1 -2
19 -1 12 64 -1 -2
2 18 19 85 86 506 -1 22 28 -1 1 10 36 37 45 46 88 185 -1 12 507 -1 -2
2 19 27 -1 144 -1 1349 -1 1 10 217 301 -1 -2
2 18 27 -1 22 82 573 -1 20 -1 -2
10 36 138 140 142 186 -1 -2
5 6 63 -1 8 87 -1 1 10 45 46 47 50 75 543 1341 1342 -1 1033 -1 -2
1 10 36 46 47 96 215 226 -1 -2
26 -1 94 -1 1 10 36 45 46 47 48 246 277 422 -1 -2
2 18 19 -1 15 20 52 1813 -1 92 185 186 187 -1 15 161 1373 1835 -1 54 134 135 -1 -2
15 20 595 884 -1 1 10 36 45 46 49 96 -1 -2
18 19 27 -1 8 22 136 -1 1 10 37 45 46 137 138 139 140 141 142 -1 -2
5 6 63 99 -1 8 22 42 -1 1 10 36 45 46 47 185 186 -1 -2
22 -1 1 10 36 45 46 70 72 91 110 189 -1 -2
2 18 19 -1 144 -1 1265 1424 1425 1426 -1 -2
22 365 366 -1 -2
210 -1 1 10 47 206 -1 -2
18 19 -1 1 10 36 37 45 46 50 70 119 282 351 422 773 844 1512 1513 -1 -2
2 18 19 -1 8 12 42 87 118 -1 1 10 36 45 46 47 -1 -2
18 -1 12 -1 -2
1 10 46 206 510 -1 -2
63 219 220 -1 22 218 221 -1 226 -1 230 231 -1 -2
87 -1 1 10 24 36 47 137 138 140 141 142 148 196 454 -1 -2
12 21 22 64 83 163 236 237 238 239 -1 -2
2 18 19 -1 8 22 211 -1 1 10 45 46 47 -1 -2
2 18 19 574 -1 14 26 183 -1 20 -1 -2
1 10 45 46 66 268 282 -1 -2
1 10 36 38 45 47 50 70 72 97 215 303 422 940 941 1746 -1 -2
2 18 19 27 -1 11 12 22 261 461 1079 -1 5 6 63 -1 -2
36 37 137 138 140 198 640 -1 -2
37 45 46 274 351 -1 -2
2 19 27 -1 22 64 237 -1 -2
5 6 63 -1 12 28 1763 -1 350 -1 -2
1 10 45 46 193 278 -1 -2
140 142 -1 -2
2 18 19 427 -1 26 98 -1 8 12 136 -1 1 10 36 38 45 46 47 50 92 137 138 140 141 142 185 186 426 428 -1 8 21 -1 1 10 36 45 46 47 113 137 138 140 141 142 185 186 425 429 -1 8 -1 1 10 36 45 46 47 137 138 140 141 142 185 186 308 430 431 432 433 434 -1 -2
2 18 19 -1 14 26 -1 17 20 1084 -1 1 10 36 45 46 70 91 187 499 534 -1 -2
2 18 19 -1 22 211 417 418 -1 -2
18 -1 25 26 -1 1 10 45 46 47 48 241 244 -1 -2
210 238 -1 -2
2 18 19 -1 8 22 211 -1 -2
18 19 -1 12 42 1308 -1 350 -1 1308 -1 350 -1 3 12 22 253 289 1308 -1 -2
1 10 46 73 189 -1 -2
2 18 19 27 -1 5 63 174 -1 8 12 42 -1 1 10 45 46 47 70 72 558 1060 -1 104 -1 -2
22 42 -1 204 312 457 646 647 648 649 -1 25 26 172 -1 646 647 -1 8 -1 1 10 36 45 46 47 50 -1 644 -1 350 -1 -2
10 36 45 46 70 215 351 415 479 -1 -2
20 203 -1 -2
36 45 46 47 -1 1078 -1 -2
64 117 -1 -2
1 10 46 48 49 50 -1 -2
2 18 19 190 -1 8 12 42 -1 1 10 45 46 301 -1 -2
2 18 19 -1 8 12 42 -1 1 10 45 46 47 -1 -2
54 134 135 242 -1 -2
1 10 24 36 45 46 47 110 185 186 215 244 -1 -2
47 70 149 1759 1760 -1 -2
64 -1 134 192 -1 -2
1 10 36 45 46 50 66 70 72 75 97 209 244 845 846 -1 64 -1 -2
2 19 27 -1 22 211 212 1715 -1 1 45 46 -1 -2
8 22 28 82 254 481 -1 1 10 36 45 46 89 187 -1 -2
12 64 82 409 614 1554 -1 88 312 332 -1 -2
2 18 19 -1 8 12 136 -1 443 -1 -2
2 18 19 -1 12 42 439 -1 252 443 -1 -2
1 10 41 45 46 70 72 76 91 282 306 -1 -2
2 19 27 -1 8 12 42 212 -1 1 10 36 45 46 47 50 -1 -2
18 27 -1 22 42 104 -1 -2
5 6 63 -1 26 98 -1 42 419 -1 54 134 135 -1 8 420 -1 1 10 45 46 47 -1 104 -1 -2
1 10 37 41 45 73 278 -1 -2
8 12 28 -1 1 10 45 46 47 244 429 -1 3 8 -1 -2
12 208 211 1374 -1 1 47 -1 -2
12 598 -1 -2
12 -1 39 47 250 650 651 -1 -2
5 6 63 101 -1 3 22 64 87 -1 -2
22 211 -1 -2
944 -1 10 46 66 122 -1 -2
505 -1 -2
2 18 19 -1 8 22 42 -1 1 10 45 46 47 -1 12 289 -1 -2
2 18 19 -1 1375 -1 1 10 36 37 45 46 70 105 146 185 186 1376 -1 1377 -1 61 491 -1 1377 -1 248 397 549 1110 1112 -1 26 98 1192 1378 -1 22 211 212 1379 -1 39 40 54 134 135 247 248 397 1110 1112 -1 1286 -1 1135 -1 -2
20 52 -1 695 -1 -2
2 19 -1 -2
2 -1 12 87 117 118 177 264 1106 1107 -1 135 491 492 -1 1108 -1 350 -1 8 87 -1 252 315 453 -1 1109 -1 39 135 491 492 651 1110 1111 1112 -1 87 117 118 -1 -2
2 18 19 283 -1 8 21 22 42 -1 1 10 45 46 187 -1 -2
1 10 36 45 46 96 148 -1 -2
64 -1 25 26 630 -1 -2
18 27 -1 26 -1 20 1795 -1 1 10 36 45 46 47 111 112 185 -1 15 -1 -2
12 22 117 237 238 524 -1 -2
8 42 -1 1 10 37 45 46 147 185 322 -1 -2
2 19 -1 8 12 42 -1 1 10 45 46 47 70 296 1870 -1 104 -1 -2
2 27 -1 -2
22 64 -1 -2
22 -1 40 54 134 248 -1 -2
1 10 36 46 65 70 72 304 940 1537 1914 1915 -1 -2
18 -1 1 45 -1 -2
46 47 72 111 140 561 562 563 -1 -2
1 45 46 147 282 -1 -2
2 18 19 -1 22 42 104 -1 -2
2 18 19 27 -1 8 136 -1 1 10 45 46 47 -1 -2
2 18 19 -1 22 42 64 -1 -2
18 -1 22 -1 1 10 45 46 65 215 -1 64 -1 -2
20 52 -1 -2
10 45 46 -1 -2
1 10 45 46 73 146 206 -1 -2
1 10 36 45 46 47 67 70 72 73 74 -1 -2
2 18 19 -1 -2
2 18 27 -1 22 42 1581 -1 54 134 135 -1 -2
2 18 19 -1 8 12 42 -1 1 10 45 46 47 -1 -2
1 10 46 270 271 -1 5 -1 12 -1 1 10 45 46 70 246 510 1917 -1 -2
1 10 36 37 45 193 206 -1 -2
2 18 19 -1 -2
1 36 137 140 431 -1 -2
22 28 -1 -2
1 10 36 45 46 47 -1 -2
4 6 63 -1 8 22 42 -1 1 10 36 45 46 47 185 186 -1 -2
2 18 27 -1 603 -1 1 10 36 37 38 45 46 88 95 185 186 312 316 434 -1 -2
2 18 19 -1 22 28 1462 -1 1 10 45 46 47 -1 -2
10 46 -1 -2
2 18 19 -1 22 42 -1 -2
2 18 27 -1 14 26 -1 -2
2 18 27 -1 12 42 -1 -2
2 18 19 -1 12 21 82 -1 1 10 24 45 46 106 271 -1 -2
5 63 -1 435 -1 -2
1 10 23 36 45 46 47 215 490 -1 -2
18 -1 3 -1 -2
1 10 36 46 65 137 138 140 185 186 195 244 541 -1 -2
1 9 10 36 37 46 70 111 185 186 226 1051 1052 -1 -2
5 6 63 853 -1 364 -1 8 12 28 87 -1 1 10 45 46 47 -1 1655 -1 45 46 47 -1 -2
10 36 37 331 -1 -2
5 6 63 -1 1544 -1 134 135 192 -1 8 -1 1 10 45 46 47 92 -1 631 -1 -2
1 9 10 46 47 111 -1 -2
497 -1 1 10 36 45 47 89 92 -1 87 377 -1 47 70 72 305 306 -1 22 42 497 498 -1 134 135 478 479 480 -1 12 371 377 -1 -2
2 18 19 -1 8 12 28 -1 1 10 36 37 45 46 -1 324 -1 1 10 37 -1 8 -1 1 10 36 37 45 46 -1 8 212 -1 1 10 36 37 45 46 -1 -2
1 9 10 45 46 106 188 -1 -2
10 36 -1 -2
8 11 12 208 -1 1 10 36 37 45 46 70 77 -1 -2
1 10 38 46 47 279 -1 -2
51 94 944 -1 1 10 23 38 41 45 46 47 74 119 189 -1 94 -1 1 10 23 45 46 47 96 422 -1 51 -1 1 10 39 45 112 331 429 1112 -1 51 -1 -2
22 64 -1 1 10 23 36 45 46 88 271 559 662 -1 -2
10 36 187 1865 -1 -2
1 37 38 45 46 96 97 303 311 -1 314 317 318 319 -1 -2
18 -1 52 -1 -2
2 18 19 27 -1 12 751 -1 -2
4 5 6 -1 1143 -1 435 -1 -2
1 10 23 36 46 148 -1 -2
1 10 36 70 91 137 138 140 141 142 196 198 246 -1 -2
2 18 19 -1 8 22 211 -1 1 10 45 46 187 322 -1 -2
25 26 -1 20 -1 1 10 37 45 46 70 96 215 306 -1 -2
1 38 46 134 135 209 480 -1 -2
1 10 46 49 96 -1 -2
12 21 64 -1 -2
857 858 -1 -2
47 70 149 479 838 1757 1758 -1 -2
11 12 42 64 -1 -2
8 12 42 374 -1 1334 -1 -2
80 -1 12 -1 1 10 36 45 46 47 270 271 -1 -2
2 18 27 -1 8 22 42 -1 1 10 45 46 47 -1 -2
1 10 24 35 36 38 40 45 46 47 50 96 111 248 250 308 558 606 1040 1041 1042 -1 -2
2 18 27 -1 12 42 -1 -2
10 36 37 50 146 1459 -1 -2
6 63 -1 -2
42 1729 -1 -2
2 18 19 -1 8 22 211 -1 1 10 36 37 45 46 70 185 186 559 1148 -1 -2
18 -1 22 -1 1 10 45 46 209 304 -1 -2
2 18 19 283 -1 8 22 136 -1 1 10 45 46 47 -1 87 -1 -2
134 135 -1 -2
36 47 140 428 490 534 -1 -2
1 10 46 97 209 -1 3 -1 -2
2 18 19 281 -1 1370 -1 80 1145 -1 94 1371 -1 47 -1 17 1372 -1 1 10 36 45 46 47 -1 15 -1 1 10 36 45 46 47 -1 1373 -1 35 47 -1 17 698 -1 1 10 36 45 46 47 -1 17 411 -1 1 10 36 45 46 47 -1 -2
2 19 -1 11 22 28 -1 -2
238 -1 1 10 38 47 70 139 140 141 187 278 369 392 431 442 1482 1908 -1 524 -1 -2
18 -1 20 94 -1 -2
18 19 27 -1 8 12 28 87 212 1463 -1 1 10 36 47 293 701 1464 -1 -2
2 19 -1 22 42 -1 -2
2 18 19 -1 22 42 -1 -2
2 18 27 -1 26 98 -1 12 87 211 907 -1 -2
14 26 -1 17 20 127 -1 36 38 45 46 47 449 610 612 -1 14 26 -1 20 1826 -1 1 10 36 45 46 47 -1 -2
4 5 6 63 -1 -2
2 19 27 -1 -2
1 10 47 304 -1 3 -1 -2
1 10 36 37 46 70 75 96 215 679 -1 -2
5 6 63 -1 364 -1 28 87 118 -1 -2
1 10 36 45 46 97 111 -1 -2
1 10 36 46 70 148 351 1756 -1 944 -1 1 10 36 46 47 70 91 148 351 -1 -2
435 -1 8 87 -1 1 10 36 45 46 47 78 137 138 139 141 142 196 200 241 270 425 454 501 -1 -2
1 10 36 45 46 47 111 112 -1 -2
2 18 27 -1 8 22 87 118 136 254 -1 1 10 36 37 45 46 70 76 137 138 140 141 142 185 186 416 424 1604 -1 -2
4 5 6 63 -1 87 -1 -2
5 6 63 -1 364 -1 22 28 -1 45 46 47 -1 12 28 -1 -2
2 18 19 -1 12 211 -1 -2
2 18 27 -1 1473 -1 -2
5 6 63 -1 8 12 42 -1 1 10 36 45 46 47 185 186 -1 -2
2 18 19 -1 12 212 751 -1 -2
5 6 63 -1 8 22 42 87 237 -1 1 10 36 45 46 47 185 186 -1 -2
2 18 27 -1 8 12 211 -1 1 10 45 46 187 -1 -2
9 10 37 45 46 106 -1 -2
15 51 52 94 155 202 203 -1 204 -1 15 20 51 52 94 205 -1 1 10 36 47 206 -1 -2
1 10 45 46 97 209 -1 -2
27 -1 12 -1 -2
10 -1 -2
3 237 377 1570 -1 1 10 36 45 46 70 72 73 74 256 1166 -1 -2
12 22 254 357 358 -1 279 359 -1 -2
18 -1 1 45 46 47 110 111 189 -1 -2
2 18 19 -1 8 12 42 323 -1 1 10 36 37 45 46 -1 -2
2 18 19 -1 12 42 -1 -2
5 63 -1 -2
22 28 -1 -2
1 10 46 96 215 -1 -2
5 6 63 -1 -2
8 12 22 211 253 -1 1 10 45 46 47 -1 -2
1 10 46 110 188 189 252 -1 -2
8 42 -1 1 10 37 45 46 -1 -2
18 -1 175 -1 -2
8 12 42 -1 1 10 45 46 301 -1 -2
20 51 52 -1 -2
22 238 379 380 -1 -2
1 10 45 70 72 96 97 1546 1547 1548 -1 -2
46 73 -1 -2
1 10 36 45 46 47 70 75 245 246 679 -1 -2
144 602 1249 1251 -1 1135 -1 47 479 -1 1287 -1 39 40 80 544 731 -1 1919 -1 311 1075 -1 1038 1920 1921 -1 -2
2 -1 26 98 -1 12 211 237 377 -1 -2
42 254 -1 -2
1 10 46 96 97 -1 -2
3 12 -1 -2
1 10 36 46 65 75 97 306 -1 -2
2 19 27 -1 14 26 -1 17 127 -1 1 10 36 37 45 46 -1 17 127 -1 1 10 36 37 45 46 -1 15 17 182 884 -1 1 10 36 37 45 46 -1 16 17 161 -1 1 10 36 37 45 46 -1 15 17 182 793 -1 1 10 36 37 45 46 -1 15 17 161 465 -1 1 10 36 37 45 46 -1 15 17 885 -1 1 10 36 37 45 46 -1 886 -1 -2
2 18 27 -1 22 211 -1 -2
15 20 51 52 1853 -1 1 10 45 46 47 -1 -2
281 506 -1 -2
2 19 27 -1 8 22 42 -1 45 -1 1421 -1 45 46 47 -1 -2
1 10 37 45 46 66 209 351 422 -1 12 -1 1 10 37 89 124 137 138 140 141 142 150 151 152 153 195 196 278 428 704 838 940 941 942 943 -1 -2
1 10 36 37 45 46 73 278 684 -1 -2
2 352 353 -1 12 221 -1 -2
18 -1 3 12 22 83 868 -1 1 10 24 36 37 45 46 70 91 194 835 940 1537 1686 1687 1688 1689 -1 -2
2 18 19 190 509 -1 5 6 63 120 174 175 267 511 512 -1 2 18 19 -1 22 -1 -2
22 -1 1 10 36 37 45 46 215 268 312 315 316 -1 -2
2 18 19 -1 22 211 -1 -2
2 18 19 -1 14 26 -1 20 203 944 1690 -1 1 10 36 45 46 47 -1 -2
20 52 -1 1 10 41 45 46 73 -1 -2
5 6 -1 279 435 -1 -2
5 6 63 -1 -2
1 46 351 -1 -2
18 19 -1 14 26 -1 17 20 52 698 -1 1 10 36 45 46 95 301 -1 20 52 -1 -2
18 19 27 -1 12 64 144 409 -1 25 172 -1 12 -1 -2
25 26 -1 45 46 268 -1 -2
2 19 27 -1 22 87 211 1742 -1 -2
8 87 118 254 498 -1 1 10 36 45 46 47 -1 8 87 564 565 -1 1 10 36 45 46 47 543 566 -1 8 -1 1 36 45 46 47 -1 12 22 118 253 289 377 567 568 -1 -2
18 -1 127 -1 1 10 36 39 45 46 47 49 249 250 252 274 397 544 651 1101 1350 -1 -2
18 -1 6 -1 -2
1 10 45 46 135 206 209 491 492 -1 -2
4 5 6 63 -1 8 12 42 87 -1 443 -1 1794 -1 -2
5 -1 1474 -1 1 10 36 45 46 148 185 241 274 351 422 -1 -2
10 36 46 70 -1 -2
2 18 19 -1 15 20 52 1813 -1 54 61 -1 15 17 20 52 793 -1 1 10 36 37 70 75 1025 -1 15 17 20 52 1814 -1 1 10 36 37 1025 -1 15 17 20 52 1819 -1 1 10 36 37 1025 -1 94 -1 -2
4 5 6 -1 435 -1 -2
2 18 19 -1 12 22 29 82 1138 1480 1497 1498 1499 -1 20 203 -1 -2
8 -1 1 10 36 45 46 47 -1 -2
1 9 10 36 45 46 65 97 111 185 209 -1 -2
2 18 27 -1 8 22 42 -1 1 10 36 37 45 46 70 185 312 1276 -1 1131 -1 61 -1 1131 -1 37 54 -1 1286 -1 1073 -1 1075 -1 1073 -1 1075 -1 1287 -1 37 70 192 279 294 661 -1 26 98 -1 8 22 357 -1 1289 -1 -2
1 10 46 206 510 -1 -2
2 18 19 27 -1 12 42 -1 -2
2 18 27 -1 8 22 28 1761 -1 1 10 45 46 47 -1 -2
2 18 19 -1 8 12 28 -1 1 10 37 45 46 70 91 305 331 416 981 1355 -1 3 -1 -2
2 18 19 -1 14 26 -1 1762 -1 350 -1 -2
5 6 63 -1 12 42 87 1045 -1 47 1345 -1 8 87 118 -1 1 10 36 37 45 46 185 186 -1 1346 -1 279 -1 1047 1061 -1 47 -1 -2
2 18 19 -1 22 42 -1 -2
1 10 36 38 39 45 46 47 250 252 270 271 397 -1 -2
134 135 192 -1 -2
1 9 10 36 50 312 917 1828 -1 3 -1 -2
8 87 118 -1 1 10 36 47 -1 11 12 211 906 907 -1 -2
27 -1 1 10 45 46 65 97 -1 -2
5 99 -1 800 801 -1 1 10 24 36 37 38 45 185 186 316 -1 -2
18 -1 3 12 22 -1 -2
1 36 46 54 111 134 -1 -2
20 52 128 182 1786 -1 1 45 46 351 -1 -2
2 18 19 -1 8 12 42 -1 1 10 45 46 47 -1 1184 -1 36 47 781 -1 -2
15 20 595 -1 1 10 24 36 45 46 73 188 252 -1 15 -1 -2
1 9 10 36 45 46 111 -1 -2
18 -1 15 20 -1 1 10 24 36 37 45 46 111 -1 15 -1 -2
18 27 -1 10 46 -1 -2
1 10 36 45 46 47 -1 -2
2 18 19 -1 15 17 20 51 52 205 1595 -1 1 10 36 37 45 46 -1 15 17 20 52 94 202 1596 -1 1 10 36 45 46 301 -1 20 52 -1 -2
5 6 63 -1 8 22 42 -1 1 10 36 45 46 47 185 186 -1 -2
8 12 28 -1 1 10 37 38 -1 8 -1 1 10 37 45 46 -1 8 -1 1 10 37 45 46 -1 8 -1 1 10 37 45 46 -1 8 -1 1 10 37 45 46 -1 8 -1 1 10 37 45 46 113 -1 -2
118 -1 -2
1 10 36 50 78 185 422 -1 22 237 238 523 524 525 -1 -2
4 -1 98 -1 22 42 1841 -1 134 135 480 -1 8 87 -1 1 10 45 46 47 -1 -2
8 22 211 253 -1 1 10 36 -1 -2
5 6 63 -1 -2
1 10 24 36 37 41 45 46 49 106 111 209 271 -1 -2
2 18 19 -1 22 211 1325 -1 1 10 45 46 47 -1 1326 -1 135 491 492 -1 1327 -1 350 -1 418 1328 1329 -1 1 10 45 46 47 -1 22 211 1327 1330 -1 1 45 46 453 -1 1330 -1 1 10 45 46 47 -1 22 418 460 1331 1332 -1 1 10 45 46 47 -1 22 460 -1 -2
8 22 42 -1 1 10 45 46 47 -1 -2
19 -1 25 887 -1 -2
5 6 63 174 -1 379 380 1571 -1 -2
2 19 27 -1 3 21 22 87 211 -1 -2
2 18 19 -1 26 -1 -2
1 10 36 97 -1 -2
10 36 46 -1 -2
1162 -1 1 10 36 45 46 47 -1 -2
2 281 -1 8 12 357 -1 1 10 45 46 47 50 -1 8 -1 1 10 45 46 47 -1 8 659 -1 1 10 45 46 47 -1 660 -1 -2
5 6 63 -1 8 22 42 -1 1 10 36 45 46 47 185 186 -1 -2
18 -1 26 -1 1 10 36 45 46 47 96 304 -1 -2
2 18 19 -1 12 22 28 507 -1 185 -1 -2
12 21 22 83 208 613 -1 -2
18 19 -1 26 98 -1 8 22 42 -1 1 10 45 46 47 -1 -2
18 -1 12 -1 1 10 24 36 45 46 70 91 194 244 -1 -2
4 5 6 63 -1 1670 -1 435 -1 -2
5 6 63 -1 8 22 42 -1 1 10 36 45 46 47 185 186 -1 -2
1 10 38 45 46 65 66 209 301 -1 -2
27 -1 1 45 46 209 -1 -2
1 45 46 351 -1 -2
1071 1470 1531 1532 -1 -2
5 6 63 -1 456 457 -1 26 98 115 -1 22 28 83 163 458 459 460 -1 -2
1528 -1 102 232 520 1529 -1 12 22 238 -1 1 10 36 47 49 137 138 139 140 141 142 293 534 610 663 703 -1 -2
1 10 46 47 -1 -2
1 9 10 23 36 37 45 46 47 66 70 188 209 940 941 1154 1155 1156 1157 1158 1159 -1 -2
1 10 45 46 47 256 -1 -2
2 27 -1 26 98 -1 8 12 42 87 -1 1 10 36 45 46 47 -1 -2
47 54 537 612 -1 -2
12 -1 -2
2 18 19 -1 12 751 1347 -1 -2
2 18 27 -1 22 42 -1 -2
2 18 19 -1 8 12 211 212 -1 1 10 47 -1 212 213 -1 -2
2 18 19 509 -1 8 12 64 81 211 1150 -1 1 10 37 38 45 46 47 -1 1151 1152 -1 1 10 37 -1 -2
1 9 10 45 46 111 661 -1 -2
2 18 27 -1 696 -1 1 10 45 46 47 -1 696 -1 1 10 47 -1 -2
1 10 38 45 46 70 73 114 187 367 368 369 370 -1 -2
2 18 19 -1 22 211 1523 -1 1 10 36 45 46 47 235 -1 1866 -1 1 10 47 -1 -2
81 83 458 459 613 614 868 1071 1150 1217 1218 1219 1220 1221 1222 1223 1224 1225 1659 1660 1661 -1 941 -1 -2
2 19 -1 12 21 42 87 118 325 326 -1 1 10 36 45 46 47 70 146 327 328 329 330 331 -1 8 87 -1 1 10 36 45 46 47 70 72 332 333 334 335 -1 64 -1 -2
115 -1 20 52 -1 -2
18 -1 10 46 70 -1 -2
5 6 63 -1 468 -1 1 10 45 46 47 -1 87 1724 -1 734 -1 8 118 -1 1 10 36 45 46 47 -1 8 22 87 118 371 -1 45 113 1572 -1 -2
1 45 46 95 106 114 -1 -2
2 18 19 -1 14 26 -1 17 20 698 -1 1 10 36 45 46 47 316 -1 -2
2 19 27 -1 12 42 237 -1 -2
2 18 19 -1 8 22 42 -1 1 10 36 45 46 47 70 305 306 988 -1 -2
5 6 63 -1 8 22 42 87 -1 36 47 185 186 -1 1723 -1 1 10 45 46 47 -1 -2
5 6 99 100 101 -1 -2
1 10 24 36 45 46 89 185 187 188 194 244 271 312 434 -1 3 -1 -2
2 18 19 -1 8 12 42 -1 1 10 36 45 46 47 70 113 305 661 662 -1 -2
12 -1 1 10 36 41 45 46 47 111 -1 -2
2 19 27 -1 12 42 118 184 -1 -2
19 -1 12 -1 694 -1 -2
514 515 -1 22 -1 39 250 311 -1 297 298 -1 515 -1 -2
4 5 63 -1 13 98 -1 8 22 42 212 -1 1 10 45 46 47 -1 104 -1 -2
412 -1 1 10 45 46 50 111 148 244 -1 -2
2 18 19 -1 12 22 211 253 262 1241 1449 1478 1479 1480 -1 -2
1 10 45 46 48 148 -1 -2
5 6 63 -1 13 98 -1 22 42 64 326 -1 1 10 45 47 -1 1431 -1 54 134 135 -1 326 -1 1 10 47 105 -1 104 -1 5 6 63 -1 -2
2 18 19 27 -1 12 136 1809 -1 1 37 45 46 331 -1 -2
82 144 409 -1 26 -1 -2
2 18 27 -1 22 82 573 -1 17 20 127 -1 -2
1 10 45 46 206 700 -1 -2
2 18 27 -1 26 98 -1 8 22 87 136 -1 1 10 36 45 46 47 137 138 140 141 142 185 186 425 426 640 -1 -2
1 36 37 45 46 96 97 294 434 492 -1 -2
10 36 46 -1 -2
5 6 63 -1 8 -1 1 10 45 46 47 50 -1 -2
1 10 45 46 47 96 97 -1 -2
11 164 255 896 906 -1 -2
1 10 45 46 47 96 304 -1 -2
2 18 19 -1 14 26 115 -1 17 154 -1 1 10 36 37 45 46 -1 -2
20 51 94 203 989 -1 1 10 36 37 45 46 96 215 -1 -2
118 212 371 372 -1 -2
2 18 27 -1 12 211 -1 -2
2 18 27 -1 14 26 -1 17 20 161 162 -1 1 10 36 45 46 47 -1 15 20 -1 -2
8 22 1076 1080 -1 39 40 247 592 -1 87 212 652 -1 -2
1 10 46 73 74 -1 1582 -1 -2
22 221 -1 1 10 45 46 269 -1 -2
8 22 357 -1 1 10 37 38 45 46 50 187 -1 -2
868 1150 1469 1470 1471 -1 1 10 36 37 45 46 70 72 75 96 147 215 286 305 -1 64 -1 -2
2 18 19 27 190 -1 3 12 391 -1 -2
1 9 10 36 45 46 88 111 -1 -2
134 192 544 -1 -2
4 6 63 -1 -2
1 10 24 36 45 46 47 106 -1 -2
19 -1 10 46 -1 -2
1 10 45 46 47 70 244 279 305 406 -1 -2
13 14 -1 15 17 20 51 126 203 319 595 793 794 -1 1 10 45 46 47 70 91 -1 -2
2 18 19 -1 8 22 87 211 -1 1 10 36 38 45 46 47 92 1728 -1 -2
1469 1470 -1 1 45 73 -1 -2
1 10 45 46 47 70 73 75 91 189 306 982 -1 -2
18 27 -1 83 -1 1 9 10 36 251 -1 12 -1 1 9 10 -1 -2
15 20 595 900 -1 -2
12 42 83 87 -1 -2
26 -1 22 -1 -2
18 27 -1 12 -1 -2
2 18 19 -1 22 136 1518 -1 -2
1 10 36 46 96 97 -1 -2
2 18 19 86 -1 22 42 -1 -2
2 18 27 -1 11 64 -1 -2
2 18 19 983 -1 12 42 984 -1 350 -1 984 -1 -2
22 42 -1 61 -1 12 42 548 -1 61 -1 548 -1 549 -1 548 -1 135 294 451 492 -1 8 22 64 -1 1 10 38 45 46 47 187 -1 8 -1 1 45 46 47 -1 -2
1 9 10 23 36 46 47 70 72 75 114 -1 -2
70 185 186 187 293 503 -1 3 -1 -2
10 46 -1 -2
1 10 37 46 137 138 140 141 142 1246 -1 -2
5 6 63 -1 8 22 42 -1 1 10 36 38 45 46 47 185 186 -1 -2
1 10 36 47 134 185 186 192 206 607 -1 -2
1 10 36 37 41 46 209 -1 -2
12 21 237 -1 -2
239 -1 1 10 36 45 46 48 49 50 89 185 1059 -1 -2
10 36 46 70 124 -1 -2
1 10 36 37 46 66 70 282 1364 1365 -1 -2
18 -1 12 -1 1 38 45 46 47 188 303 316 429 537 1361 -1 3 64 -1 99 -1 -2
2 -1 1 9 10 36 45 46 47 70 72 110 159 160 -1 -2
237 -1 1 10 41 45 46 209 -1 -2
18 190 -1 -2
1 10 137 138 139 140 141 142 185 188 196 278 490 704 1465 -1 -2
6 -1 64 -1 -2
12 22 64 263 486 1226 1727 -1 -2
2 18 19 -1 22 42 1747 1748 -1 1 10 45 46 47 640 -1 -2
2 18 19 -1 22 42 916 -1 443 -1 8 12 87 117 118 289 -1 1 10 36 45 47 185 -1 87 118 -1 -2
5 63 -1 12 280 -1 -2
1 10 46 72 828 833 835 940 1663 1664 1665 -1 -2
8 28 -1 1 10 37 45 46 88 -1 -2
47 277 -1 -2
2 18 19 27 -1 8 12 136 -1 1 10 37 45 46 -1 -2
1 10 36 46 96 97 304 -1 -2
15 17 20 52 483 -1 1 10 36 37 45 46 -1 15 20 52 484 -1 92 -1 15 20 52 485 -1 54 134 242 -1 -2
1 10 36 45 46 47 49 70 75 91 351 -1 -2
3 11 12 22 237 377 722 954 -1 -2
1 10 46 96 97 -1 64 -1 -2
82 163 613 -1 -2
1 10 45 46 215 351 -1 -2
1 10 24 36 41 45 46 47 70 259 268 270 271 272 -1 273 -1 1 10 36 45 46 241 274 -1 -2
1 10 36 45 46 47 270 271 -1 -2
2 18 19 -1 -2
2 18 19 -1 26 98 -1 8 22 42 82 409 -1 1 10 36 37 45 46 -1 -2
46 70 -1 -2
2 18 19 -1 8 12 42 87 -1 45 50 -1 22 289 -1 -2
18 19 85 86 -1 8 11 22 28 64 87 -1 1 10 36 37 45 46 50 70 75 88 89 90 91 92 -1 3 93 -1 -2
2 18 19 281 -1 64 1848 -1 312 -1 -2
2 18 19 -1 8 12 28 87 117 118 -1 1 10 45 46 47 113 -1 -2
2 18 19 -1 8 12 87 211 254 -1 1 10 36 45 46 47 92 185 -1 104 -1 -2
5 63 -1 204 727 1828 -1 22 42 1829 -1 92 188 543 1830 -1 -2
12 320 321 -1 -2
2 18 19 -1 12 28 212 -1 -2
2 18 19 -1 17 128 182 -1 36 37 45 46 -1 52 -1 -2
2 18 19 -1 26 98 -1 8 22 211 212 -1 1 10 36 47 244 -1 -2
2 -1 -2
1 10 36 45 46 47 49 65 148 245 -1 22 -1 1 10 36 38 45 46 47 246 499 700 -1 -2
1 10 45 46 73 206 209 -1 -2
2 18 19 -1 8 12 21 42 -1 1 10 45 46 147 301 -1 -2
5 6 63 -1 -2
2 85 86 -1 144 -1 788 1265 1489 1608 1609 -1 -2
2 18 19 1525 1526 -1 -2
18 -1 22 64 -1 -2
26 98 -1 8 22 42 -1 1 10 36 45 46 47 185 327 -1 -2
1 10 36 46 49 96 -1 -2
18 19 -1 8 11 12 64 87 211 -1 443 -1 8 87 117 118 -1 1 10 47 50 78 105 -1 1335 -1 135 294 1336 1337 -1 3 -1 -2
50 72 -1 -2
1 10 36 45 46 96 278 -1 -2
1 10 36 46 96 147 215 -1 -2
1 10 45 46 47 -1 -2
18 -1 1 10 45 46 65 97 187 -1 -2
2 18 19 -1 81 82 83 163 164 212 213 238 255 459 573 894 895 896 897 898 899 -1 15 20 52 900 901 902 -1 -2
1495 -1 1 10 36 37 45 46 111 112 -1 -2
2 18 19 -1 17 20 1095 -1 1 10 36 45 46 89 187 -1 -2
4 5 6 63 -1 42 1045 -1 45 46 47 185 -1 -2
2 18 27 -1 12 264 642 643 -1 17 53 127 182 -1 1 10 45 46 -1 20 -1 -2
26 -1 698 699 -1 1 10 45 46 206 700 -1 -2
2 18 19 -1 5 6 63 1583 -1 22 42 104 -1 -2
2 18 19 574 -1 12 211 -1 -2
2 18 19 -1 22 42 -1 -2
1 10 36 41 45 46 88 91 -1 -2
1 10 37 46 54 111 134 135 192 246 -1 -2
8 12 28 87 -1 1 10 45 46 47 429 -1 3 -1 -2
1 10 36 41 45 46 47 70 72 91 185 186 394 -1 -2
12 614 -1 -2
2 18 19 -1 26 98 -1 8 12 21 136 -1 1 10 36 37 113 137 138 140 141 142 185 186 425 426 429 433 1246 -1 64 -1 -2
2 18 19 -1 22 211 645 -1 1 10 36 45 46 47 -1 87 -1 -2
15 20 51 52 -1 -2
2 -1 46 96 -1 -2
1 10 36 37 41 46 70 268 661 680 1355 1356 1357 1358 1359 1360 -1 -2
1 10 24 36 37 45 46 50 106 112 -1 -2
2 18 19 -1 22 28 -1 -2
2 18 19 27 -1 3 21 22 211 -1 406 -1 12 21 87 117 118 570 1226 1543 -1 -2
1 10 36 45 49 78 244 246 1059 -1 -2
12 21 22 83 163 237 613 614 615 616 -1 -2
19 -1 26 697 -1 20 52 155 202 -1 -2
1 10 36 45 46 77 91 106 111 243 -1 -2
2 18 19 -1 82 409 573 -1 -2
8 22 42 -1 1 10 36 45 46 47 60 -1 8 -1 1 10 36 45 46 47 70 305 306 662 -1 -2
223 229 342 345 400 550 551 552 553 554 555 556 -1 51 94 161 557 -1 1 10 36 45 46 47 185 241 274 -1 128 -1 -2
5 6 -1 -2
2 18 19 -1 14 26 -1 17 20 944 -1 1 10 36 45 46 47 244 -1 -2
2 27 -1 42 1519 1520 -1 1 10 45 46 47 -1 1521 -1 1 10 45 46 47 -1 1522 1523 -1 45 -1 -2
2 18 -1 -2
5 6 63 -1 -2
22 28 83 163 164 212 213 868 897 898 1086 1090 1092 -1 -2
2 18 19 -1 3 12 28 -1 -2
26 -1 80 -1 -2
8 64 -1 1 10 36 45 46 47 50 89 137 138 139 140 141 142 185 186 424 425 426 -1 -2
134 135 451 -1 -2
2 18 19 -1 8 12 42 -1 1 10 36 37 45 46 70 91 149 -1 -2
8 12 28 -1 1 10 45 46 47 -1 8 12 507 -1 1 10 37 38 316 443 -1 -2
10 36 46 1069 -1 -2
70 124 138 140 142 149 -1 -2
2 18 19 -1 26 98 115 1436 1538 -1 83 868 1539 -1 -2
5 63 -1 -2
10 46 -1 -2
10 36 46 186 -1 -2
5 63 -1 8 12 213 253 -1 1 10 37 45 46 316 -1 -2
2 -1 80 -1 20 -1 1 10 45 46 70 245 278 653 654 -1 -2
5 6 63 -1 20 -1 -2
26 -1 20 51 94 -1 1 10 24 36 45 46 47 106 -1 -2
1 10 46 245 246 -1 -2
2 18 19 27 -1 211 -1 -2
5 6 63 -1 364 -1 8 22 28 -1 1 10 45 46 47 -1 -2
27 -1 20 297 -1 22 237 -1 1 10 24 36 37 45 46 106 -1 -2
1 10 45 46 110 111 114 -1 -2
126 1172 1173 -1 1 10 36 45 46 70 88 96 422 516 527 531 785 835 1174 1175 1176 1177 1178 1179 1180 -1 1181 -1 -2
12 42 -1 1 10 45 46 70 940 941 -1 8 568 -1 1 10 45 46 47 -1 -2
46 138 140 142 186 -1 -2
1 10 38 45 46 47 96 137 138 140 142 185 186 188 195 241 303 -1 -2
82 -1 20 52 -1 1 10 36 46 47 70 185 209 422 1851 -1 -2
2 18 19 -1 8 21 22 261 -1 1 10 36 37 38 45 46 47 70 95 187 306 558 640 -1 -2
2 18 19 -1 8 22 28 -1 1 10 36 45 46 47 50 185 -1 786 -1 -2
10 36 46 70 186 651 -1 -2
1 10 45 46 73 134 192 246 294 434 451 491 504 702 -1 -2
27 -1 11 22 -1 1 10 45 46 -1 -2
1 10 36 45 46 49 73 1025 -1 -2
12 87 455 -1 -2
25 -1 83 868 -1 1 10 36 37 38 45 46 66 186 194 270 -1 -2
12 21 -1 1 10 36 41 45 46 209 516 -1 -2
1 10 36 46 282 422 -1 -2
2 18 19 -1 8 12 21 22 264 357 710 951 1138 1139 1140 -1 1 10 36 37 45 46 88 185 499 -1 1141 -1 1 10 37 1101 -1 11 12 21 22 265 709 1142 -1 -2
10 45 46 -1 21 83 84 -1 -2
1 10 24 36 45 46 47 65 96 106 110 114 194 245 246 304 -1 -2
2 19 27 -1 26 98 -1 8 12 211 212 -1 1 10 36 37 -1 -2
80 88 434 480 987 -1 22 238 -1 135 294 492 -1 1571 -1 -2
852 -1 1 10 36 47 -1 852 -1 1 10 36 45 46 47 729 -1 -2
18 -1 22 -1 1 10 45 46 -1 22 -1 1 45 46 -1 -2
4 6 63 -1 -2
5 6 63 -1 8 12 42 87 -1 1 10 36 37 45 46 185 186 -1 8 12 22 87 211 253 -1 1 10 36 45 46 47 185 186 -1 118 -1 -2
1 10 45 46 245 -1 -2
2 18 19 281 -1 82 83 163 164 348 -1 341 342 344 345 545 546 547 -1 -2
2 18 19 -1 12 42 237 -1 -2
18 -1 1 10 45 46 47 66 148 209 274 -1 6 -1 -2
1 10 36 45 46 47 70 97 209 215 1468 -1 -2
2 19 27 -1 14 26 618 -1 15 20 -1 -2
1 10 36 37 46 70 91 194 243 305 -1 64 -1 -2
1 10 23 45 46 430 -1 -2
11 22 -1 -2
3 -1 1 10 38 45 46 47 65 70 97 204 303 304 1364 -1 -2
211 212 1034 -1 45 46 47 -1 -2
5 6 63 -1 1725 -1 -2
21 22 64 83 163 1553 1750 1751 -1 -2
2 19 -1 22 28 64 466 467 -1 -2
2 18 19 27 -1 1578 -1 1 10 36 45 46 47 612 -1 -2
5 6 63 -1 435 -1 -2
2 18 19 -1 -2
8 42 212 -1 1 10 36 45 46 47 -1 104 -1 -2
2 18 19 85 86 -1 8 22 136 -1 1 10 36 45 46 47 70 137 138 139 140 141 142 185 186 200 425 426 431 575 -1 -2
15 52 900 -1 -2
2 18 19 -1 795 -1 350 -1 14 26 115 -1 20 796 -1 204 797 798 -1 20 -1 -2
8 22 87 211 -1 1 10 45 46 47 -1 -2
12 22 1419 -1 -2
5 6 63 -1 12 22 64 264 642 643 -1 20 -1 -2
3 64 83 163 605 -1 1 10 36 37 38 39 45 46 50 54 70 73 88 137 138 140 141 142 246 250 271 301 306 308 426 703 704 705 -1 83 163 605 706 -1 -2
2 19 -1 8 22 42 -1 -2
1 10 37 46 73 112 -1 -2
10 46 70 138 140 142 186 200 702 1069 1147 -1 -2
2 18 19 -1 8 22 42 -1 1 10 36 45 46 47 113 558 -1 -2
26 98 -1 8 22 42 82 -1 1 10 36 37 45 46 89 -1 -2
1 10 24 46 106 -1 -2
1 10 46 47 48 148 194 -1 -2
18 27 -1 1 10 36 37 45 46 65 96 148 185 186 -1 -2
8 -1 1 10 45 46 47 50 92 839 -1 -2
22 -1 1 45 46 48 -1 -2
1 10 36 37 45 46 185 186 559 1579 -1 -2
10 36 138 140 142 186 -1 -2
2 18 19 -1 12 42 104 -1 -2
2 18 19 190 -1 12 22 64 211 237 253 -1 -2
5 6 63 -1 12 42 1580 -1 1 10 36 45 46 47 185 186 -1 -2
2 18 19 -1 12 42 -1 -2
2 18 19 -1 20 52 -1 -2
2 18 19 86 -1 12 28 64 212 213 -1 -2
4 5 63 -1 12 22 64 144 264 642 714 715 -1 25 26 716 -1 717 718 -1 17 698 719 -1 1 10 37 45 46 -1 -2
18 -1 1046 -1 -2
5 63 -1 22 118 356 371 -1 -2
1 10 40 45 46 54 65 111 112 134 135 248 635 -1 -2
2 18 19 -1 8 22 28 -1 1 10 36 45 46 47 70 75 76 92 -1 -2
1551 -1 646 647 -1 -2
1 37 38 45 47 49 137 138 140 244 312 316 663 -1 -2
36 39 54 72 80 134 135 192 242 294 295 296 -1 -2
18 19 27 -1 20 52 94 161 -1 -2
18 -1 12 -1 -2
18 27 -1 12 -1 1 10 46 303 422 -1 -2
2 18 19 -1 26 98 -1 22 42 -1 -2
1 10 24 46 270 -1 -2
10 24 47 194 -1 -2
10 36 37 46 -1 -2
5 6 63 -1 8 -1 1 10 36 45 46 47 50 70 72 89 92 185 279 305 306 331 406 415 416 -1 22 371 -1 92 -1 -2
1 10 37 45 46 96 215 -1 -2
2 19 -1 12 28 -1 -2
12 83 163 460 -1 50 80 -1 20 94 -1 -2
11 254 -1 -2
22 -1 36 45 46 96 490 558 -1 -2
5 63 -1 435 -1 -2
3 237 -1 -2
18 281 -1 22 -1 -2
1 10 37 38 45 46 278 1852 -1 -2
12 238 -1 1 10 37 45 46 95 274 422 -1 -2
12 22 254 261 1543 -1 -2
4 5 6 63 -1 8 21 22 42 -1 1 10 36 45 46 47 185 186 -1 -2
10 36 37 38 46 50 78 293 316 1610 -1 82 -1 15 -1 -2
2 18 27 -1 1144 -1 1 10 36 38 45 46 47 80 146 293 316 1145 -1 15 17 51 94 595 1146 -1 1 10 36 37 45 46 -1 -2
12 64 -1 10 36 37 46 -1 -2
2 18 19 -1 14 26 -1 17 127 -1 1 10 36 45 46 47 70 244 -1 -2
1 10 36 46 48 137 138 140 141 142 148 185 186 195 196 422 -1 -2
15 885 -1 1 10 45 46 245 278 -1 15 -1 46 274 -1 15 -1 6 -1 -2
29 -1 31 32 33 109 156 157 158 -1 1 10 36 37 41 119 -1 -2
20 94 297 -1 12 -1 25 26 -1 342 400 402 1053 1054 -1 63 -1 342 399 1053 -1 1 10 36 37 38 41 45 46 268 282 301 -1 229 400 1055 -1 22 -1 -2
22 1528 -1 -2
2 18 27 -1 26 98 -1 -2
1 10 36 37 46 245 246 -1 -2
1 9 10 24 36 45 46 106 -1 -2
18 -1 1 10 112 -1 -2
2 18 27 -1 5 6 63 175 -1 22 42 -1 -2
2 19 86 -1 12 82 573 -1 20 -1 -2
5 6 63 -1 364 -1 12 28 -1 -2
1 10 45 46 49 209 -1 -2
5 6 63 -1 858 859 -1 -2
237 238 -1 -2
2 18 19 27 -1 21 82 83 144 164 614 864 868 -1 25 26 98 -1 83 212 614 616 1309 1310 1311 1312 -1 788 1313 1314 1315 1316 -1 45 80 244 731 -1 144 -1 14 25 26 1200 -1 17 20 319 1172 1317 1318 -1 443 -1 901 1319 -1 1316 -1 1 10 36 37 45 46 70 72 88 91 185 186 256 305 835 1320 1321 1322 -1 -2
2 18 27 -1 8 22 42 237 -1 1 10 45 46 187 322 558 -1 1842 -1 72 134 135 192 1843 -1 -2
26 -1 1 10 36 37 38 39 45 46 148 185 186 250 351 1069 1153 -1 -2
5 6 63 -1 8 22 42 1484 -1 1 10 36 45 46 47 185 186 -1 -2
435 514 -1 1679 1680 -1 620 1099 1385 1678 1681 1682 1683 1684 1685 -1 -2
281 -1 -2
788 789 790 791 792 -1 -2
2 19 27 -1 8 22 211 -1 1 10 36 45 46 47 307 367 773 774 -1 104 -1 -2
5 6 -1 435 -1 -2
125 -1 -2
18 19 -1 -2
10 46 -1 -2
1 10 45 46 47 185 303 304 -1 -2
2 18 19 -1 14 26 115 -1 15 20 1527 -1 -2
2 18 19 27 -1 12 28 -1 1 10 37 45 46 -1 -2
2 18 19 -1 144 -1 -2
1 10 36 37 148 312 701 -1 3 22 64 237 -1 -2
20 52 -1 -2
8 12 42 -1 1 10 36 45 46 47 185 186 -1 -2
1 10 36 46 270 271 -1 -2
2 18 19 27 -1 1879 -1 1 10 45 46 72 185 453 558 597 701 1268 1880 1881 -1 1316 -1 1 10 36 38 45 46 47 70 72 91 293 316 534 701 -1 1882 -1 434 987 1244 1883 -1 -2
1 10 45 46 48 49 111 -1 -2
83 615 -1 -2
2 18 19 -1 8 12 22 210 357 -1 1 10 37 45 46 -1 -2
2 18 27 -1 22 28 1423 -1 1 10 45 46 47 -1 -2
18 -1 82 -1 723 -1 64 163 238 614 864 1324 -1 -2
5 6 -1 47 -1 -2
87 118 -1 -2
2 19 -1 12 42 104 -1 -2
2 18 19 27 -1 82 83 347 348 -1 158 342 343 344 345 346 -1 36 301 -1 82 83 164 348 -1 158 341 342 344 345 346 405 -1 301 316 -1 -2
2 18 19 -1 12 42 -1 -2
10 36 45 46 110 112 185 -1 64 -1 -2
12 42 83 163 164 -1 -2
188 -1 -2
1 10 46 96 215 -1 -2
1 10 36 47 66 70 75 304 434 569 -1 3 -1 -2
2 18 19 27 -1 13 14 -1 15 16 17 20 -1 1 36 45 46 47 -1 -2
2 18 19 -1 1323 -1 1 10 36 45 46 47 105 -1 -2
1 10 193 355 -1 -2
5 6 63 -1 8 22 280 -1 36 45 46 47 -1 -2
2 27 -1 12 29 42 919 -1 1 10 36 45 46 47 70 88 89 305 331 581 917 1126 1778 1779 1780 -1 -2
5 6 63 -1 20 1408 -1 204 797 798 -1 20 1410 -1 204 797 798 -1 17 20 1411 -1 1 10 36 37 38 45 46 -1 -2
2 18 19 -1 1472 -1 1 10 36 37 45 46 88 312 1027 -1 173 -1 5 6 99 -1 -2
1 10 36 45 46 66 73 187 209 215 -1 210 -1 -2
26 -1 20 52 698 -1 1 10 37 46 70 97 124 152 153 209 1417 1418 -1 698 -1 50 -1 20 52 -1 1 10 36 46 209 215 386 -1 -2
83 163 238 868 1764 1765 1766 -1 36 37 38 70 88 91 185 186 308 331 428 449 729 940 1767 -1 -2
2 18 19 -1 14 26 115 -1 20 126 1408 1409 -1 204 797 798 -1 20 1408 -1 204 797 798 -1 -2
18 -1 12 -1 1 10 37 45 46 244 278 609 1503 -1 3 93 -1 -2
1 10 36 37 185 186 278 -1 -2
2 18 19 27 -1 8 12 42 87 -1 1 10 36 37 45 46 50 70 72 91 149 296 -1 -2
1 10 36 37 38 45 46 303 304 316 351 -1 -2
2 -1 51 94 -1 -2
4 5 6 63 -1 8 -1 -2
2 18 19 -1 8 22 87 261 -1 1 10 36 45 46 47 60 90 185 248 249 250 397 650 651 -1 118 652 -1 -2
1 45 46 96 -1 -2
469 470 471 472 -1 5 6 63 -1 470 471 473 474 475 -1 -2
98 -1 8 22 87 211 -1 1 10 36 45 46 47 72 -1 8 -1 1 10 36 37 45 46 312 -1 -2
12 598 -1 -2
19 -1 22 -1 -2
144 -1 25 1559 -1 1009 1046 1284 1285 1560 1561 -1 1562 1563 -1 170 171 1284 -1 232 1564 -1 -2
2 18 27 -1 12 104 211 -1 -2
1 10 41 46 268 -1 -2
5 6 63 -1 12 42 920 -1 1 10 58 536 -1 -2
10 46 -1 -2
18 -1 83 163 613 615 -1 -2
1 10 36 45 46 70 72 91 243 268 282 1355 1380 -1 -2
356 -1 1 10 45 46 47 -1 22 87 -1 -2
4 -1 26 496 -1 20 52 -1 -2
2 18 27 -1 12 211 -1 -2
64 83 163 613 -1 5 -1 -2
2 19 27 -1 8 12 42 -1 1 10 45 46 301 -1 -2
5 6 -1 -2
18 -1 1642 1643 1644 1645 1646 1647 1648 1649 1650 1651 1652 1653 -1 -2
2 19 27 -1 144 -1 1028 -1 -2
5 6 63 -1 -2
2 18 27 -1 -2
18 27 86 -1 1 10 36 37 45 46 48 49 70 72 606 1710 1711 -1 -2
5 6 63 -1 8 22 280 -1 1 10 36 38 45 46 47 316 -1 8 -1 1 10 36 38 45 46 47 89 -1 8 1517 -1 1 10 36 45 46 47 -1 -2
2 18 19 -1 926 927 -1 1 10 36 45 46 78 88 301 332 516 928 -1 173 -1 -2
8 -1 1 10 36 45 46 187 -1 -2
10 49 137 138 140 141 142 196 663 -1 -2
18 19 -1 12 42 104 -1 -2
1 10 36 46 187 541 609 -1 -2
64 868 -1 -2
26 123 -1 15 17 891 -1 1 10 36 45 46 47 -1 15 -1 -2
18 -1 12 83 868 -1 1 10 24 36 37 45 46 110 185 186 -1 -2
18 27 -1 15 20 -1 -2
26 98 -1 12 64 -1 -2
2 18 19 -1 26 98 -1 21 22 87 136 875 876 -1 1 10 45 46 47 50 534 729 -1 118 -1 -2
8 -1 1 10 24 36 37 45 46 73 137 138 141 198 199 244 -1 -2
12 237 -1 -2
10 36 -1 -2
1 10 24 36 45 46 95 111 640 -1 -2
10 46 -1 -2
27 -1 22 83 -1 1 10 36 45 46 47 -1 -2
2 18 19 -1 22 28 1462 -1 1 10 45 46 47 -1 -2
1 10 46 66 209 -1 377 -1 -2
12 211 -1 38 45 46 47 316 -1 8 -1 45 46 47 316 -1 -2
2 18 19 -1 8 22 42 -1 1 10 45 46 47 50 72 75 88 185 244 306 434 835 1176 1177 1619 1620 1622 -1 8 1636 -1 -2
2 18 19 -1 -2
15 -1 1 10 36 45 46 106 185 243 434 -1 -2
1 10 46 50 96 97 -1 -2
1 10 37 46 65 304 -1 -2
5 6 63 101 -1 1 10 36 37 45 46 70 88 185 186 367 835 1093 -1 -2
991 992 993 994 995 996 997 998 999 1000 1001 1002 1003 1004 1005 1006 1007 -1 1008 1009 1010 -1 -2
1 10 36 41 45 46 47 54 96 134 135 215 305 569 1027 -1 -2
1 10 36 45 46 47 73 189 394 -1 -2
36 46 -1 -2
18 19 27 -1 144 -1 145 -1 1 10 37 45 46 146 -1 -2
1 10 36 45 46 47 70 72 97 209 306 773 844 1026 1027 -1 -2
12 -1 10 36 41 45 46 47 70 268 581 582 583 584 585 586 587 588 -1 -2
1 10 24 45 46 106 1510 1511 -1 -2
2 18 19 -1 8 22 42 -1 1 10 36 45 46 47 -1 -2
2 18 19 -1 82 -1 17 182 203 297 412 -1 1 10 36 45 46 47 50 70 72 91 306 367 -1 -2
10 45 46 -1 -2
5 6 63 853 -1 8 12 42 87 117 -1 1 10 36 45 46 47 185 186 -1 87 117 570 576 1600 -1 133 -1 576 -1 55 56 57 58 192 -1 -2
2 18 19 190 -1 -2
18 19 27 -1 8 12 211 -1 1 10 36 45 46 47 -1 8 -1 1 10 36 38 45 46 47 316 -1 -2
2 18 19 27 -1 12 22 42 43 44 -1 -2
1 9 10 45 46 106 -1 -2
12 64 -1 1 10 36 45 46 47 65 66 67 68 69 70 71 72 73 74 75 76 77 -1 -2
1 10 36 38 45 46 47 148 244 274 351 -1 -2
1 10 45 46 50 105 110 111 112 113 114 -1 -2
5 6 63 -1 12 22 42 87 1820 -1 -2
435 -1 -2
1 10 45 46 48 49 -1 -2
27 190 281 -1 12 -1 1 10 45 46 50 70 72 91 96 97 147 185 188 279 306 406 -1 -2
18 -1 12 -1 37 54 134 135 -1 -2
19 27 86 -1 -2
2 18 19 27 -1 22 42 349 -1 350 -1 349 -1 350 -1 -2
2 18 27 86 -1 8 22 42 -1 1 10 36 45 46 47 70 72 185 272 -1 3 12 21 22 42 64 118 212 213 289 373 374 375 376 377 378 -1 -2
2 19 27 -1 12 28 -1 -2
2 19 -1 8 12 28 -1 1 10 45 46 47 558 -1 -2
18 19 27 -1 8 12 22 211 253 -1 1 10 36 45 46 47 70 305 306 664 -1 -2
27 -1 3 11 22 -1 1 10 37 45 46 -1 3 -1 -2
1 10 36 45 46 110 187 243 -1 -2
10 36 46 186 -1 -2
630 1886 1889 -1 -2
2 18 19 686 -1 22 42 687 -1 350 -1 687 -1 515 688 -1 8 687 -1 312 515 646 689 690 691 692 693 694 695 -1 687 -1 -2
1 10 36 38 45 46 47 49 73 137 138 140 185 186 495 663 701 702 -1 -2
10 36 37 46 50 75 89 91 92 185 188 332 -1 -2
5 -1 26 -1 82 409 -1 20 107 318 410 411 412 -1 1 10 50 241 -1 20 -1 1 10 36 47 206 -1 -2
1 10 36 45 46 97 194 1381 1382 1383 -1 -2
134 135 192 -1 20 -1 -2
4 5 6 63 -1 13 98 -1 22 42 325 -1 54 134 -1 -2
2 18 -1 1 10 36 45 46 47 70 73 74 75 76 91 1056 1057 1058 -1 -2
8 12 211 -1 1 10 37 45 46 70 75 -1 104 1867 -1 -2
25 26 -1 83 1163 -1 1 10 36 37 38 45 46 47 91 248 250 252 1147 1164 -1 -2
5 63 -1 8 22 280 -1 1 10 36 37 45 46 110 112 -1 -2
2 18 19 27 -1 13 98 -1 8 12 22 42 -1 -2
1 10 45 46 47 96 140 148 -1 290 -1 -2
1 9 10 46 110 -1 -2
8 28 -1 1 10 38 45 46 47 70 149 1851 1878 -1 -2
1 10 46 206 245 -1 -2
18 -1 12 22 64 -1 -2
2 18 19 -1 8 12 42 -1 1 10 45 46 47 235 781 -1 -2
18 19 27 -1 15 17 1898 -1 1 10 36 37 60 -1 15 17 1899 -1 1 10 36 37 -1 -2
12 -1 -2
4 5 6 63 -1 22 42 -1 -2
2 18 19 -1 26 1769 1770 -1 20 -1 1 36 45 46 185 186 187 188 -1 -2
5 6 63 -1 20 161 1671 -1 1 10 37 38 45 46 -1 -2
2 18 19 27 -1 8 22 42 -1 1 10 38 45 46 47 113 -1 1406 -1 350 -1 1406 -1 -2
2 18 19 27 -1 14 26 -1 17 20 257 258 -1 1 10 36 37 45 46 70 259 260 -1 -2
2 -1 26 98 -1 8 12 211 -1 443 -1 64 1368 -1 25 26 98 -1 8 12 211 -1 1 10 36 37 45 46 70 72 77 694 1369 -1 -2
2 18 19 -1 12 211 -1 -2
36 70 72 80 185 186 244 731 -1 64 1808 -1 -2
2 19 27 -1 8 12 42 -1 1 10 36 37 45 46 -1 -2
2 18 19 -1 17 20 52 1372 -1 1 10 36 37 45 46 -1 17 20 52 107 -1 1 10 36 37 45 46 -1 -2
2 18 19 27 -1 26 98 -1 8 22 42 -1 1 36 45 46 47 70 72 799 -1 487 -1 -2
2 18 19 -1 8 12 211 -1 1 10 36 45 46 47 406 1101 -1 -2
3 64 -1 -2
26 -1 15 161 1540 1541 1542 -1 1 10 24 36 45 46 73 -1 -2
11 163 459 613 1071 -1 1 10 36 45 46 70 72 96 124 149 152 153 215 1072 -1 -2
871 1030 -1 -2
2 18 19 -1 8 12 211 -1 1 10 36 45 46 47 -1 8 -1 1 10 36 45 46 47 -1 -2
18 -1 6 -1 12 -1 1 10 36 37 45 46 65 70 96 97 188 560 -1 -2
5 6 63 175 1569 -1 -2
5 6 63 -1 -2
8 12 82 211 481 -1 1 10 36 37 45 46 -1 611 -1 311 -1 22 104 -1 -2
8 12 42 -1 1 10 36 45 46 47 70 185 186 305 680 681 -1 -2
18 19 -1 5 6 63 -1 8 12 42 64 -1 1 10 38 45 46 47 316 -1 8 -1 1 10 45 46 147 187 -1 8 1288 -1 1 10 45 46 47 -1 -2
5 6 63 -1 47 435 -1 -2
2 18 19 -1 1831 -1 -2
5 6 63 -1 8 -1 1 10 36 45 46 47 70 89 305 306 415 -1 -2
10 112 -1 -2
54 134 135 -1 8 -1 1 10 45 47 -1 -2
8 22 42 1449 -1 1 10 37 45 46 -1 -2
2 19 27 -1 20 51 52 53 -1 54 55 56 57 58 -1 59 -1 1 10 45 46 50 60 61 -1 20 52 -1 -2
1 10 36 37 45 46 106 271 -1 -2
5 63 -1 -2
8 211 -1 1 10 36 37 45 46 50 70 72 305 406 429 781 828 940 -1 104 -1 -2
46 137 138 140 185 186 195 700 -1 -2
2 19 686 -1 12 42 237 -1 -2
2 18 19 -1 8 12 211 -1 1 10 45 46 187 -1 -2
84 -1 1 10 24 45 46 106 271 -1 -2
1 10 37 38 45 46 80 96 537 1145 -1 20 -1 37 45 46 65 -1 20 -1 -2
6 -1 45 46 47 -1 -2
4 -1 10 36 186 -1 -2
27 -1 12 -1 1 10 39 40 45 46 48 70 148 241 491 828 940 1534 1535 1536 1537 -1 -2
6 -1 64 -1 -2
2 86 -1 1 45 46 96 -1 64 -1 -2
2 18 19 -1 12 28 212 1726 -1 -2
2 18 19 -1 12 211 212 237 -1 -2
1 10 36 37 38 45 46 47 50 106 422 -1 -2
18 -1 1 10 45 46 65 148 -1 -2
1 9 10 46 106 -1 -2
1586 -1 435 -1 1587 -1 435 -1 -2
13 -1 22 -1 -2
22 -1 1 10 36 45 46 47 70 91 111 114 279 406 923 -1 64 -1 23 45 46 47 -1 64 -1 -2
5 6 63 -1 22 42 87 117 508 576 -1 133 -1 576 577 -1 549 -1 -2
80 311 -1 20 -1 -2
1 10 47 76 -1 -2
87 211 -1 -2
505 1467 -1 -2
52 -1 36 46 47 -1 -2
2 18 19 -1 8 12 42 -1 1 10 45 46 187 -1 -2
2 18 19 -1 8 12 42 -1 1 10 45 46 47 -1 -2
2 18 27 86 -1 83 163 210 466 805 861 862 863 864 865 866 -1 -2
1 10 36 37 38 45 46 47 65 209 278 541 -1 -2
1 10 41 46 209 -1 -2
2 19 27 -1 -2
1 10 37 41 134 135 192 -1 -2
2 18 19 -1 5 6 63 -1 12 28 -1 -2
1 10 36 47 185 186 241 428 -1 22 -1 -2
1 10 45 46 47 -1 644 -1 36 47 50 70 305 306 415 -1 -2
10 36 -1 -2
14 26 -1 20 52 128 -1 -2
12 264 413 -1 -2
2 18 19 86 -1 8 22 136 -1 1 10 36 37 45 46 88 137 138 139 140 141 142 185 612 -1 -2
4 5 6 63 -1 8 12 42 87 -1 1 10 36 45 46 47 185 186 -1 8 -1 5 6 63 -1 1 10 36 45 46 47 185 186 -1 8 22 42 -1 1 10 36 45 46 47 185 186 -1 87 945 -1 54 135 599 -1 -2
2 18 19 -1 1887 -1 80 1145 -1 297 1888 -1 37 45 -1 -2
2 18 19 281 -1 26 98 -1 8 12 263 -1 1 10 36 45 46 47 -1 -2
2 18 19 -1 8 22 136 -1 1 10 36 37 45 46 137 138 139 140 141 142 -1 -2
22 28 -1 -2
1 10 23 24 36 45 46 47 70 111 270 279 844 -1 -2
2 18 19 27 -1 8 12 21 22 64 82 83 163 164 237 264 409 481 963 1138 1543 1815 1816 -1 1 10 36 37 45 46 70 185 1817 1818 -1 -2
5 6 63 -1 435 -1 -2
1 10 36 45 46 47 70 75 111 114 -1 64 -1 -2
63 -1 603 -1 1 10 36 37 38 45 46 185 785 -1 -2
1 10 36 37 45 46 96 215 1101 -1 -2
1 10 45 46 355 612 700 -1 3 -1 -2
2 18 19 -1 26 98 -1 22 263 -1 -2
10 37 46 -1 1183 -1 -2
2 18 27 -1 8 22 211 -1 1 10 36 45 46 47 -1 1367 -1 1 10 47 -1 -2
102 -1 94 161 297 318 -1 1 10 36 45 46 65 422 -1 -2
5 6 63 -1 22 64 280 -1 -2
8 28 -1 1 10 37 45 46 252 -1 -2
10 37 49 -1 -2
2 18 19 -1 20 52 1876 -1 1 10 37 -1 -2
27 -1 13 1038 1039 -1 22 -1 185 -1 -2
8 12 28 -1 1 10 37 45 46 -1 -2
4 6 63 -1 8 12 42 -1 1 10 36 45 46 47 185 186 -1 -2
364 -1 8 12 22 254 -1 1 10 47 -1 12 28 87 118 254 -1 -2
1 10 36 45 46 96 97 272 275 276 -1 -2
82 -1 297 298 -1 12 82 -1 699 1591 -1 -2
5 63 -1 12 21 22 1076 1846 1847 -1 -2
8 12 21 42 -1 1 10 45 46 47 113 -1 1568 -1 -2
2 18 19 -1 12 21 22 136 237 280 -1 -2
5 6 63 -1 191 -1 134 135 192 -1 8 -1 1 10 36 45 46 47 137 138 141 142 148 193 194 195 196 -1 197 -1 1 10 41 47 -1 8 -1 1 10 24 36 45 46 47 111 137 138 139 141 198 199 200 201 -1 -2
10 46 138 140 142 -1 -2
5 6 63 -1 435 -1 -2
2 18 19 85 86 -1 14 26 -1 -2
1 10 36 45 46 47 70 72 75 89 111 112 558 559 560 -1 3 -1 -2
1 10 36 46 70 73 74 76 91 -1 -2
63 -1 133 -1 21 22 261 1669 -1 45 305 453 -1 -2
10 46 -1 -2
264 660 1821 -1 204 312 727 797 -1 87 117 118 1570 -1 -2
26 -1 571 -1 572 -1 20 52 412 -1 1 10 36 37 45 46 194 271 -1 -2
15 16 17 161 182 -1 1 10 36 37 -1 15 1515 -1 133 235 -1 15 161 1516 -1 135 294 492 -1 15 16 17 20 595 -1 1 10 36 47 -1 -2
1 10 37 38 45 46 148 274 -1 -2
19 -1 12 -1 1 10 74 827 941 -1 -2
1 10 45 46 47 48 49 -1 -2
5 6 63 -1 8 12 42 -1 453 -1 8 87 -1 1 10 36 45 46 47 185 186 -1 -2
8 22 64 83 163 164 868 1076 1716 -1 36 70 147 185 186 244 479 -1 -2
2 18 -1 12 -1 -2
10 36 37 38 40 46 50 91 92 95 113 185 235 248 293 306 316 397 491 492 610 785 1101 1110 1160 1161 -1 -2
1718 -1 694 -1 8 -1 1 10 36 45 46 47 70 305 306 415 434 -1 1718 -1 350 -1 1718 -1 312 986 1877 -1 8 1718 -1 1 10 36 45 46 47 89 92 331 -1 377 1718 -1 -2
2 18 19 -1 26 98 -1 8 12 87 136 882 -1 1 10 36 37 38 45 46 47 137 138 140 185 186 308 883 -1 -2
45 46 47 270 612 -1 -2
1 10 37 45 46 110 271 -1 -2
1 10 24 36 38 45 46 47 78 79 80 -1 25 26 -1 64 81 82 -1 51 -1 -2
2 18 27 -1 8 12 42 -1 1 10 37 45 46 -1 -2
18 19 27 -1 8 22 42 -1 1 10 45 46 47 -1 8 -1 1 10 45 46 47 -1 -2
1 10 37 45 46 111 112 -1 -2
5 6 63 -1 8 -1 1 10 36 37 38 45 46 50 70 91 185 186 293 308 359 398 479 499 860 940 941 1572 1768 -1 212 266 -1 -2
18 -1 1 10 38 45 46 47 96 97 137 138 663 -1 -2
5 6 63 -1 8 22 28 87 -1 1 10 36 37 45 46 185 -1 -2
18 -1 83 163 423 1553 1792 -1 -2
2 19 -1 -2
18 190 -1 12 -1 45 46 111 682 -1 11 -1 -2
2 18 19 -1 8 -1 1075 -1 -2
42 64 -1 -2
1 10 24 46 70 106 187 799 -1 -2
2 18 19 -1 12 21 22 211 237 265 709 710 711 720 721 -1 -2
22 64 -1 -2
10 36 46 70 -1 -2
2 27 85 665 666 667 -1 12 668 -1 -2
5 63 -1 435 -1 1394 1395 1396 1695 1696 1697 1698 1699 1700 1701 1702 1703 1704 1705 1706 1707 1708 1709 -1 -2
1 10 36 46 47 49 96 137 138 140 663 -1 -2
1 10 38 45 46 47 612 -1 707 -1 10 45 46 612 -1 -2
1 10 36 206 -1 -2
15 17 52 1902 -1 1 10 36 37 45 46 -1 15 17 1541 -1 1 10 36 37 45 46 60 -1 15 17 20 52 1903 -1 1 10 36 37 45 428 -1 15 17 20 52 1904 1905 -1 1 10 36 37 -1 15 17 20 52 1906 -1 1 10 36 37 -1 15 17 52 94 1907 -1 1 10 36 301 428 -1 -2
5 6 63 -1 12 42 -1 -2
2 18 -1 82 83 -1 94 127 -1 1 10 35 36 38 47 50 80 105 217 251 499 729 -1 342 550 552 1351 -1 1 10 36 47 50 251 729 -1 1352 -1 -2
410 -1 1 188 359 -1 20 52 410 -1 1 10 36 47 246 -1 -2
1 10 45 46 96 97 -1 237 -1 -2
20 317 -1 1 9 10 23 36 45 46 47 -1 -2
1 10 45 46 134 337 338 339 340 -1 -2
4 5 6 63 -1 8 12 42 -1 45 543 -1 8 -1 1 10 36 45 46 47 185 186 -1 5 6 63 853 -1 8 -1 1 10 36 45 46 47 185 186 -1 8 -1 1 10 36 45 46 47 185 186 -1 -2
12 22 357 867 -1 -2
6 99 -1 180 -1 -2
2 -1 22 42 64 1065 -1 350 -1 -2
1 10 37 38 45 46 73 74 301 -1 -2
2 18 19 -1 22 42 81 83 163 164 212 213 896 897 898 1353 1716 1774 1775 -1 -2
1 10 24 45 46 106 -1 -2
2 18 19 -1 12 211 -1 -2
5 6 63 -1 12 598 -1 -2
1 10 36 38 45 46 47 73 189 217 293 -1 22 -1 45 46 73 -1 -2
2 18 19 85 86 -1 8 22 64 221 -1 1 10 45 46 72 188 305 416 477 597 826 831 837 838 942 1023 1322 1397 1398 1399 1400 1401 1402 1403 1404 1405 -1 -2
22 -1 -2
2 18 27 -1 8 12 28 -1 1 10 45 46 47 244 -1 -2
5 6 63 -1 8 22 28 -1 1 10 36 45 46 47 312 -1 8 87 118 -1 1 10 36 37 45 46 -1 -2
1 10 38 45 46 47 48 148 -1 -2
1 10 24 45 46 47 50 70 91 122 194 312 -1 -2
27 -1 297 298 299 -1 232 300 336 -1 20 52 -1 -2
14 26 -1 17 20 52 182 698 -1 1 10 36 45 46 47 -1 17 51 52 892 -1 1 10 36 45 46 47 -1 17 698 -1 1 10 36 45 46 47 -1 52 94 128 678 -1 47 70 560 -1 893 -1 -2
2 18 19 -1 8 12 82 211 481 -1 1 10 36 45 46 301 -1 1034 -1 1755 -1 -2
54 55 538 -1 -2
22 42 64 -1 1 10 45 46 47 95 -1 -2
2 18 19 -1 12 28 462 -1 1 10 45 46 47 -1 -2
144 -1 145 -1 1 10 36 45 46 47 293 610 -1 -2
2 18 19 -1 22 144 899 -1 1823 -1 -2
22 -1 1 10 36 137 138 140 148 663 -1 -2
2 18 19 -1 144 -1 912 914 970 971 972 -1 1 10 35 36 37 38 45 46 92 137 138 140 141 185 186 279 428 978 -1 979 980 -1 350 -1 972 974 -1 36 37 38 92 137 138 140 185 186 308 429 431 606 -1 -2
18 -1 21 22 -1 -2
30 31 32 33 34 -1 1 10 36 37 41 -1 -2
36 47 70 305 560 -1 -2
12 -1 1 10 36 37 45 46 209 215 304 -1 -2
1 10 36 41 45 46 268 -1 -2
20 51 52 1827 -1 -2
18 -1 10 46 -1 -2
8 87 211 -1 1 10 36 45 46 47 -1 461 -1 -2
83 -1 1 10 24 36 37 38 45 88 185 247 248 249 250 251 252 -1 -2
64 -1 -2
18 -1 22 -1 -2
1 10 36 46 47 96 215 316 -1 -2
12 290 -1 -2
2 -1 8 22 211 -1 1 10 38 45 46 47 70 316 1749 -1 8 -1 1 10 38 45 46 47 70 316 387 -1 -2
18 19 -1 -2
2 18 19 -1 12 211 -1 -2
3 254 -1 -2
18 -1 22 -1 25 -1 -2
10 41 45 46 282 -1 -2
2 18 19 -1 14 26 183 -1 20 1371 -1 -2
2 18 19 -1 12 42 851 -1 1 10 36 45 46 47 70 75 244 558 -1 -2
18 27 -1 8 12 42 -1 1 10 45 46 47 -1 -2
22 42 -1 -2
22 136 580 -1 453 -1 87 -1 -2
2 18 19 27 -1 8 12 64 211 -1 1 10 36 45 46 70 185 186 946 -1 -2
2 18 19 -1 8 12 21 42 -1 1 10 37 45 46 -1 -2
2 19 27 -1 12 136 1496 -1 1 10 36 37 38 45 46 47 137 138 140 499 -1 -2
1 10 36 47 54 134 135 185 186 192 278 293 338 428 610 -1 -2
1 10 24 36 45 46 47 73 -1 -2
19 -1 868 -1 -2
2 18 19 -1 22 42 1614 -1 133 -1 1614 -1 54 134 135 -1 -2
2 18 27 -1 5 6 63 1569 -1 12 42 104 -1 5 6 63 -1 22 42 -1 -2
2 18 19 -1 8 12 42 -1 1 10 45 46 47 -1 -2
4 5 6 63 -1 13 -1 8 22 42 -1 1 10 45 46 47 -1 -2
1 10 46 47 268 304 -1 -2
4 5 6 63 -1 13 98 -1 8 22 42 -1 1 10 45 46 47 -1 104 -1 5 6 267 -1 -2
2 18 27 -1 82 83 87 144 210 238 409 481 850 -1 -2
1 10 36 37 45 46 65 66 119 -1 -2
232 336 1149 -1 -2
5 6 63 -1 21 22 42 -1 -2
5 6 63 -1 22 42 377 -1 -2
5 -1 26 -1 1 10 36 45 46 47 50 241 394 428 1361 -1 -2
2 18 19 -1 12 211 1771 1772 -1 39 45 46 47 1773 -1 212 -1 -2
5 6 63 -1 -2
2 18 27 -1 14 26 -1 604 -1 -2
18 1656 -1 -2
2 18 19 283 -1 12 42 104 -1 2 18 19 -1 5 6 63 99 -1 12 22 42 104 118 237 -1 -2
18 -1 12 -1 -2
161 698 1084 1506 1507 1508 -1 -2
42 87 118 212 -1 -2
12 22 64 -1 -2
63 -1 26 -1 22 -1 1 9 10 24 36 37 45 46 106 111 -1 -2
18 -1 163 -1 -2
2 18 19 -1 8 22 42 -1 1 10 45 46 47 1610 -1 -2
1 10 45 46 96 97 304 -1 64 -1 -2
2 18 19 -1 11 12 751 -1 -2
1839 -1 1 10 36 37 38 88 252 296 316 -1 1370 -1 36 37 38 39 40 252 296 316 -1 1840 -1 36 37 88 296 -1 -2
8 212 213 -1 1 10 36 45 46 47 70 72 91 305 1787 -1 498 -1 80 92 731 -1 22 42 87 1788 -1 694 -1 12 22 87 118 254 371 498 565 -1 72 80 332 731 -1 22 42 87 -1 -2
2 18 19 -1 22 28 64 -1 -2
83 163 894 -1 -2
8 28 -1 1 10 37 45 46 -1 -2
2 18 19 -1 409 1186 -1 1009 1188 1189 1190 -1 1191 -1 443 -1 1192 -1 22 64 83 144 660 -1 697 1039 1194 1195 1196 1197 1198 1199 1200 1201 1202 1203 1204 1205 1206 1207 1208 1210 1211 1212 1213 1214 -1 426 -1 26 98 -1 8 12 22 64 357 -1 39 40 88 250 453 543 838 1040 1147 1227 1229 1230 1231 1232 1233 1234 -1 12 64 144 210 212 213 237 238 365 409 660 1235 1236 1237 1238 1239 1240 -1 25 172 1192 -1 3 11 12 21 22 42 64 82 237 238 254 357 374 602 660 947 950 951 1216 1226 1247 1249 -1 25 26 98 1038 1250 -1 238 -1 25 788 1039 1192 1252 -1 144 210 409 660 -1 26 1253 -1 1254 1255 1256 -1 31 556 1257 1258 1259 -1 822 1260 -1 1134 -1 26 98 172 788 927 1261 1262 1263 1264 1265 1266 -1 144 238 409 -1 1267 -1 72 80 137 139 141 226 311 364 424 431 828 838 883 940 1268 1269 1270 1271 1272 1273 1274 -1 12 64 82 83 409 481 660 822 1186 1275 -1 1280 1281 1282 1283 1284 1285 -1 -2
12 28 208 -1 45 46 47 -1 3 -1 -2
5 6 63 -1 435 -1 -2
39 249 250 544 -1 -2
18 -1 26 -1 20 -1 1 10 36 37 38 45 46 215 268 499 -1 -2
18 -1 1 10 36 41 45 46 70 72 268 828 860 932 933 934 935 936 937 938 939 940 -1 -2
46 58 65 635 -1 -2
5 6 63 99 -1 22 42 -1 -2
1 9 10 24 36 45 46 47 111 185 186 194 -1 -2
2 18 19 -1 8 12 211 -1 1 10 36 45 46 47 -1 641 -1 -2
17 20 128 -1 45 46 47 70 306 -1 -2
2 18 19 -1 26 98 -1 8 12 87 136 -1 1 10 36 47 50 92 137 138 140 141 142 185 186 431 910 -1 8 22 87 136 929 930 -1 1 10 36 47 89 92 137 138 140 185 186 305 428 431 -1 8 -1 1 10 36 45 46 47 50 92 137 138 140 141 142 185 186 425 -1 8 -1 1 10 36 45 46 47 113 137 138 140 141 142 185 186 425 431 -1 87 931 -1 35 47 293 -1 118 -1 -2
5 6 63 -1 87 -1 1 10 36 45 46 47 111 137 138 139 140 141 142 196 200 241 248 250 454 500 501 -1 -2
5 6 63 -1 -2
2 18 19 -1 13 98 -1 8 22 211 212 -1 1 10 36 47 -1 213 214 -1 134 135 192 -1 212 216 -1 -2
5 6 63 -1 12 -1 1 9 10 36 37 45 46 70 72 106 185 186 559 773 1752 1753 1754 -1 -2
8 -1 1 10 36 45 46 47 -1 237 1910 -1 549 -1 1910 -1 1 10 38 47 188 252 543 -1 8 117 118 -1 1 10 36 45 46 47 331 -1 8 87 118 237 1911 -1 294 296 549 -1 117 118 1912 -1 135 294 492 -1 87 1910 -1 135 294 492 -1 -2
1 10 37 38 45 46 80 148 303 -1 83 -1 1 10 37 45 46 148 303 -1 -2
2 18 19 -1 8 12 357 -1 -2
10 36 37 46 -1 -2
1 10 24 36 37 45 46 50 65 88 111 148 185 188 327 -1 64 -1 1 10 45 46 96 148 -1 -2
18 27 -1 1 10 36 47 243 -1 -2
5 6 63 174 -1 -2
1 10 24 46 194 -1 -2
1 10 36 46 47 96 215 -1 -2
4 6 63 -1 364 -1 12 28 64 -1 -2
1 10 46 351 422 -1 -2
2 18 19 -1 7 26 115 -1 102 232 233 234 -1 17 20 127 -1 1 10 36 37 45 46 235 -1 -2
2 18 27 -1 12 22 42 104 -1 -2
12 -1 1 10 45 46 96 215 -1 22 -1 -2
64 -1 45 46 194 293 1459 -1 22 -1 -2
22 722 -1 723 724 -1 26 -1 20 -1 -2
10 46 -1 -2
2 18 19 -1 21 22 42 289 1427 1428 -1 1 10 45 46 47 -1 1429 -1 134 135 1430 -1 1427 -1 1 10 45 46 47 -1 -2
2 -1 12 42 -1 -2
2 -1 12 22 254 -1 -2
1 10 36 46 47 70 72 124 134 135 149 152 153 185 186 387 476 477 478 479 480 -1 -2
2 18 19 27 -1 12 42 -1 -2
27 -1 14 26 -1 17 944 -1 1 10 36 45 46 47 70 305 781 1103 1104 1105 -1 -2
2 18 19 -1 26 98 -1 8 22 136 -1 1 10 36 45 46 47 50 137 138 140 141 142 185 186 331 426 431 -1 -2
2 18 19 -1 12 42 916 -1 1 10 37 38 917 -1 918 919 -1 1 10 37 45 46 -1 8 -1 -2
54 134 135 -1 22 42 1602 -1 92 1603 -1 -2
2 -1 8 22 42 1031 -1 1 10 36 45 46 47 -1 11 1032 -1 133 -1 1032 -1 134 135 192 252 543 -1 8 87 -1 1 10 36 45 46 47 185 -1 1033 -1 -2
14 26 -1 17 1064 -1 1 10 36 45 46 47 70 -1 -2
22 -1 1 10 36 45 46 47 193 217 278 293 301 640 -1 1545 -1 1 10 36 37 38 45 46 193 277 278 293 316 -1 83 -1 1 10 45 46 193 277 278 293 612 -1 -2
22 42 64 87 439 -1 -2
2 18 19 -1 8 22 211 -1 45 46 47 316 -1 -2
18 19 -1 22 42 104 -1 -2
2 18 19 27 -1 14 115 -1 20 181 -1 -2
1 10 24 36 45 46 106 -1 -2
26 -1 20 52 -1 -2
2 18 -1 64 83 1384 -1 1385 1386 1387 1388 1389 1390 -1 1391 -1 1392 1393 1394 1395 1396 -1 -2
2 18 27 190 -1 12 42 -1 -2
1 10 36 46 148 272 274 1035 1036 -1 -2
1 10 24 45 46 106 -1 -2
10 36 37 46 78 293 -1 -2
92 -1 8 -1 1 10 36 45 46 47 50 70 147 305 306 415 -1 1717 -1 134 135 480 -1 8 64 254 1718 1719 -1 1 10 36 45 46 187 -1 1720 -1 -2
32 33 222 223 224 225 227 -1 1 10 36 37 66 -1 156 228 229 -1 82 -1 -2
10 36 45 46 77 185 303 304 305 306 307 -1 -2
20 107 203 -1 10 36 38 46 47 -1 107 -1 10 36 37 38 46 -1 20 -1 10 36 46 47 -1 -2
12 -1 1 10 36 46 137 138 140 141 142 185 186 195 196 246 700 -1 -2
22 -1 1 9 10 36 45 46 111 -1 -2
2 18 19 -1 8 12 42 83 163 164 -1 1 10 36 45 46 70 72 88 187 296 940 941 1468 -1 -2
2 -1 39 50 250 -1 -2
2 18 19 27 -1 5 6 63 -1 8 22 42 -1 1 10 45 46 47 -1 -2
1 10 36 45 46 47 110 119 246 490 -1 161 -1 -2
2 18 19 -1 8 22 87 118 211 -1 1 10 45 46 47 -1 639 -1 45 46 47 -1 3 87 118 -1 -2
2 18 19 -1 14 26 115 -1 15 17 20 595 1605 1606 -1 1 10 45 46 47 -1 59 1607 -1 -2
5 6 63 -1 603 -1 1 10 36 37 38 45 46 -1 -2
2 18 19 -1 -2
5 6 63 -1 8 12 42 -1 1 10 36 47 185 186 -1 8 -1 1 10 36 45 46 47 185 186 -1 -2
47 640 -1 -2
2 18 19 27 -1 12 104 -1 -2
26 -1 1 10 36 45 46 47 96 422 -1 99 -1 -2
2 19 27 -1 14 26 115 -1 130 -1 204 456 798 -1 17 1081 -1 1 10 36 37 70 185 1082 1083 -1 1084 -1 -2
1 10 36 46 47 96 304 940 941 1536 1537 1743 1744 1745 1746 -1 -2
1859 -1 1 10 38 45 46 47 50 96 215 303 331 -1 -2
2 18 19 -1 22 87 118 136 -1 -2
18 19 -1 -2
1 9 10 45 46 47 111 -1 -2
5 63 -1 22 64 144 -1 -2
2 27 361 -1 10 37 45 46 -1 -2
25 26 180 -1 -2
10 46 -1 -2
18 19 27 -1 82 508 573 -1 17 20 782 -1 1 10 36 45 46 47 70 597 781 783 784 785 -1 -2
6 99 -1 -2
2 18 19 -1 14 26 618 -1 20 1094 -1 350 -1 20 1089 -1 350 -1 17 20 1064 -1 1 10 36 45 46 47 70 88 428 516 835 1546 1884 -1 -2
27 -1 11 -1 10 46 -1 -2
1 10 46 47 316 -1 -2
8 42 -1 1 10 45 46 47 569 -1 -2
18 19 27 -1 22 136 168 169 -1 170 171 -1 102 103 -1 144 -1 25 26 172 173 -1 5 6 63 120 121 174 175 -1 12 22 176 177 178 179 -1 -2
1 10 46 48 49 -1 -2
22 28 -1 -2
2 18 19 27 -1 42 87 117 118 -1 -2
1 10 24 46 106 -1 -2
2 18 19 -1 12 87 104 211 -1 -2
26 -1 15 -1 10 -1 15 -1 10 37 -1 -2
1 10 36 38 45 46 70 72 111 114 301 860 -1 -2
20 -1 10 46 -1 -2
1 10 36 45 46 72 91 278 293 609 610 -1 -2
20 51 94 -1 -2
22 83 1416 -1 -2
3 11 391 -1 1 10 36 38 45 46 47 70 73 74 75 113 185 189 248 250 259 305 316 392 393 394 395 396 397 -1 3 -1 -2
12 21 136 208 1493 -1 -2
1 10 45 46 88 106 271 293 516 729 1175 -1 -2
64 -1 1 9 10 23 36 45 46 114 1781 1782 1783 1784 -1 -2
2 18 19 -1 25 26 98 -1 8 22 211 212 -1 1 10 36 47 -1 12 64 517 518 519 -1 520 521 -1 133 -1 521 522 -1 134 135 480 -1 -2
4 5 6 63 -1 435 -1 1549 -1 -2
208 211 -1 -2
3 8 12 22 64 82 221 362 570 820 821 822 823 -1 1 10 45 46 50 72 269 305 332 406 416 781 824 825 826 827 828 829 830 831 832 833 834 835 836 837 838 839 840 841 842 -1 -2
2 18 27 -1 12 42 -1 -2
1 10 36 37 45 46 215 -1 -2
12 261 -1 -2
1 10 46 243 268 -1 -2
51 52 -1 1 10 23 24 36 38 45 46 47 111 -1 -2
64 82 -1 1601 -1 3 12 22 -1 -2
12 -1 1 10 36 45 46 148 268 -1 -2
10 36 37 45 185 215 -1 -2
1 10 36 37 45 46 70 80 137 138 139 195 246 252 351 543 701 978 -1 22 83 163 164 236 1552 1553 -1 -2
2 -1 8 12 237 675 1014 1024 1412 1691 -1 1 10 45 46 301 781 1015 1016 1692 1693 -1 -2
18 19 -1 22 357 1193 -1 46 80 113 188 235 701 731 1246 -1 8 12 22 28 211 602 950 1248 1251 -1 80 731 -1 12 28 1277 1278 -1 1279 -1 235 312 426 431 -1 -2
10 36 46 70 124 149 835 1322 -1 -2
2 18 600 601 -1 619 -1 620 621 622 623 624 625 626 627 628 629 -1 -2
20 205 1662 -1 1 10 45 47 -1 -2
1 10 36 45 46 47 111 215 -1 -2
39 250 543 1044 -1 -2
18 19 -1 22 -1 1 10 23 37 38 45 46 111 112 -1 -2
15 20 -1 1 10 49 -1 -2
12 42 64 -1 -2
2 -1 8 12 211 -1 1 10 45 46 47 -1 -2
2 18 27 -1 14 26 -1 -2
12 42 1061 -1 -2
2 18 19 -1 -2
2 -1 3 22 28 -1 -2
10 36 46 140 -1 -2
46 209 -1 -2
144 -1 972 973 974 -1 36 37 50 92 113 137 138 185 186 425 426 428 -1 914 972 975 976 977 -1 -2
2 18 19 -1 8 22 211 -1 1 10 37 45 46 -1 -2
1 10 36 137 140 243 684 -1 -2
2 18 19 -1 14 26 -1 17 20 317 -1 1 10 36 45 46 47 70 256 -1 -2
17 20 107 -1 -2
1 10 36 37 45 46 244 274 422 1345 -1 12 -1 -2
2 18 19 -1 22 507 -1 -2
1 9 10 45 46 111 -1 -2
1 10 36 37 185 251 -1 -2
1 10 36 45 46 47 74 394 -1 -2
2 18 19 86 -1 12 21 42 -1 40 133 248 -1 1343 -1 61 294 -1 1343 -1 135 451 491 492 1344 -1 -2
18 19 27 506 -1 8 22 42 1100 -1 1 10 45 46 47 70 91 -1 8 -1 1 10 45 46 47 72 305 -1 8 -1 1 10 45 46 47 147 -1 -2
4 5 6 -1 22 42 903 904 -1 45 46 47 428 -1 87 -1 -2
83 -1 1 10 45 46 47 -1 -2
5 63 -1 64 212 -1 -2
18 19 27 506 -1 5 6 63 -1 22 211 1597 -1 1 10 36 37 38 45 46 -1 8 -1 1 10 36 37 45 46 -1 8 -1 1 10 36 37 45 46 -1 3 -1 -2
8 211 -1 1 10 37 45 46 558 -1 64 -1 -2
2 18 19 -1 3 8 12 83 212 213 261 391 -1 1 10 36 39 45 46 47 50 60 75 88 89 185 186 249 250 397 516 592 593 650 651 -1 652 1290 -1 536 538 1101 -1 212 213 652 -1 58 91 536 592 593 -1 212 213 652 -1 47 192 592 593 701 1291 1292 -1 12 21 87 210 212 238 570 1293 1294 1295 -1 15 20 318 1296 -1 11 22 212 261 652 -1 47 293 480 606 1291 -1 11 12 87 212 261 373 652 660 1275 -1 37 185 186 192 1025 1291 1297 -1 12 212 261 652 660 1298 -1 37 185 186 -1 652 -1 47 192 308 534 1291 -1 1299 1300 -1 1192 -1 22 212 213 261 391 652 1301 -1 38 47 91 185 186 192 248 250 277 534 544 591 592 593 607 650 1075 1302 1303 1304 -1 25 26 98 -1 22 29 87 212 261 1305 -1 102 103 232 520 522 1306 1307 -1 22 261 -1 -2
27 -1 20 51 52 94 -1 26 -1 52 94 297 -1 31 32 33 223 344 345 399 550 1861 1862 1863 1864 -1 20 52 -1 99 -1 2 18 601 -1 26 -1 102 -1 51 -1 204 -1 127 -1 1 10 36 45 46 49 96 332 -1 -2
5 6 63 -1 94 678 1098 -1 -2
27 -1 22 83 -1 1 10 36 38 40 45 46 47 110 111 114 248 -1 -2
22 1024 -1 1 10 36 45 46 70 91 148 306 351 533 640 1025 -1 -2
144 -1 912 913 914 915 -1 1 10 36 37 50 89 137 138 140 185 186 308 426 431 606 -1 -2
1 10 36 45 46 96 304 307 312 888 889 890 -1 -2
5 6 63 -1 -2
2 19 -1 144 -1 494 -1 1 10 36 45 46 47 495 -1 -2
10 36 -1 -2
22 238 -1 496 1505 -1 -2
2 18 19 -1 12 42 237 -1 -2
1 10 36 37 45 46 49 72 185 186 193 217 293 308 430 434 -1 -2
1 10 36 37 46 66 70 282 442 1482 -1 -2
1 10 36 45 46 47 91 111 251 1509 -1 -2
2 18 19 -1 26 1460 -1 1 10 36 38 39 40 45 46 47 50 92 185 186 247 252 1040 1461 -1 -2
2 19 -1 8 22 42 -1 1 10 45 46 47 187 293 610 -1 -2
15 595 -1 -2
2 18 19 -1 8 22 42 64 -1 1 10 45 46 47 -1 -2
10 46 -1 -2
1 9 10 36 37 45 46 50 70 72 75 111 114 185 -1 -2
18 -1 1 10 37 243 312 558 -1 -2
22 -1 1 10 36 47 49 137 138 140 185 186 663 -1 -2
1 10 45 46 119 268 -1 3 -1 -2
10 36 46 140 -1 -2
1832 -1 1 10 36 37 38 45 46 88 293 332 428 434 516 527 640 917 -1 494 -1 80 731 -1 64 82 83 163 164 573 -1 17 20 317 -1 1 10 36 37 45 46 88 785 -1 -2
18 -1 12 -1 1 10 45 46 47 110 112 270 271 -1 3 64 -1 -2
1 10 23 37 38 41 45 46 119 148 189 209 282 -1 -2
45 46 106 -1 -2
2 18 19 -1 8 22 42 -1 1 10 45 46 47 -1 420 -1 -2
8 42 87 -1 1 10 36 45 47 185 186 -1 87 1820 -1 -2
2 18 19 -1 3 22 211 -1 -2
1 10 36 45 46 73 96 97 112 137 138 140 141 142 185 186 189 195 196 301 542 -1 -2
1 45 46 194 -1 -2
2 18 19 27 85 -1 -2
2 19 27 -1 22 42 62 -1 1 10 45 46 47 -1 -2
2 18 19 85 86 -1 8 12 136 -1 1 36 37 38 45 46 47 137 138 140 141 142 293 425 610 -1 -2
1488 1489 1490 -1 -2
1 10 36 38 45 46 47 50 185 316 1481 -1 -2
12 22 42 -1 -2
20 -1 1 10 24 36 37 45 46 110 -1 -2
8 -1 1 10 36 45 46 47 50 -1 -2
12 -1 45 46 137 138 139 140 141 142 185 187 196 244 268 425 495 542 704 1604 -1 -2
5 6 63 -1 435 -1 -2
10 36 37 38 39 40 -1 -2
1 10 36 37 45 46 47 112 114 -1 -2
46 73 185 186 308 -1 -2
1 10 36 37 45 46 73 74 193 -1 -2
1 10 36 37 45 46 65 97 304 -1 -2
18 19 1694 -1 26 -1 -2
2 18 19 -1 1578 -1 1 10 36 45 46 47 293 398 -1 -2
18 27 -1 22 42 64 -1 -2
1 10 24 36 37 70 306 -1 -2
2 18 19 -1 -2
12 42 237 -1 -2
2 19 27 -1 22 211 212 1836 -1 1 10 45 46 47 -1 -2
2 27 666 667 -1 11 12 22 64 668 669 670 671 -1 672 -1 673 674 -1 3 12 22 264 675 676 677 -1 -2
51 -1 1 10 36 45 46 301 -1 -2
1 10 36 46 49 187 274 -1 602 -1 45 92 -1 -2
1 10 36 37 137 138 140 198 243 -1 -2
1 10 45 46 78 96 215 924 -1 -2
5 6 63 -1 8 12 28 -1 1 10 36 37 45 46 149 1348 -1 -2
2 18 27 -1 14 25 26 183 -1 20 181 -1 350 -1 -2
38 54 135 451 599 -1 -2
12 -1 1 10 45 46 47 96 215 303 -1 -2
15 20 318 900 1810 1811 1812 -1 -2
22 42 -1 -2
5 6 63 -1 144 -1 1127 -1 133 -1 1128 -1 80 294 434 1129 -1 103 1130 -1 12 22 357 371 1131 -1 39 40 80 544 731 1110 -1 144 -1 1128 -1 689 1132 -1 1133 1134 -1 1135 -1 1075 -1 13 98 1136 1137 -1 22 42 -1 -2
25 -1 20 -1 26 -1 -2
2 19 27 -1 12 211 -1 -2
1 10 36 45 46 47 50 331 -1 3 22 87 118 212 253 289 371 486 -1 -2
15 885 -1 -2
46 510 -1 -2
1 10 39 40 45 46 50 73 74 249 294 1869 -1 -2
20 52 608 -1 36 37 38 45 70 91 96 -1 -2
42 87 104 -1 -2
1 9 10 36 45 46 50 106 272 1494 -1 -2
2 18 19 -1 25 26 98 -1 8 12 42 -1 1 10 36 45 46 47 -1 -2
2 18 19 27 -1 22 462 -1 1 10 45 46 47 463 -1 -2
1 10 45 46 47 74 111 189 -1 -2
1 10 45 46 215 351 -1 -2
2 18 19 86 -1 22 357 -1 -2
63 -1 364 -1 12 28 -1 -2
15 20 52 884 -1 1 10 36 46 91 148 185 209 -1 15 20 -1 188 529 1231 1896 -1 161 -1 -2
2 19 27 -1 22 42 439 -1 1 10 35 36 45 46 47 70 185 293 307 -1 440 441 -1 1 10 35 36 45 46 47 70 293 442 -1 441 -1 1 10 35 36 38 45 46 47 70 293 442 443 -1 444 445 -1 1 10 35 36 45 46 293 443 -1 87 117 446 -1 133 -1 8 -1 1 10 36 45 46 47 70 447 -1 448 -1 45 46 133 -1 441 -1 1 10 35 36 38 45 46 47 70 293 305 406 442 453 -1 445 -1 1 10 35 36 45 46 47 70 449 450 -1 446 -1 54 134 135 451 452 -1 -2
5 6 63 -1 -2
82 573 820 -1 944 1690 -1 45 46 -1 -2
6 -1 10 36 46 -1 -2
22 64 -1 -2
2 18 19 -1 26 98 -1 12 136 -1 -2
42 64 438 -1 54 134 135 -1 8 -1 1 10 45 46 47 -1 -2
2 18 19 -1 436 -1 1 10 36 45 46 47 -1 -2
5 63 -1 435 -1 -2
5 6 63 -1 12 42 1045 -1 1 10 37 -1 -2
2 -1 14 26 115 -1 17 1064 -1 1 10 36 37 -1 1094 -1 515 -1 17 1095 -1 1 10 36 37 45 46 -1 1096 -1 350 -1 17 1097 -1 1 10 36 37 45 46 -1 20 1096 -1 350 -1 1098 -1 350 -1 181 -1 350 -1 20 -1 350 -1 678 -1 -2
30 31 32 33 34 -1 1 10 36 37 41 -1 -2
27 -1 20 -1 1 10 36 37 45 46 70 72 149 209 215 259 406 838 860 940 941 981 982 -1 -2
1 10 23 24 37 45 46 316 -1 -2
2 18 19 -1 8 22 42 -1 1 10 45 46 187 -1 -2
22 1528 -1 -2
5 63 -1 1871 -1 8 22 42 237 1718 1872 1873 -1 -2
22 28 388 389 390 -1 -2
2 18 27 -1 12 42 851 -1 1 10 45 46 187 -1 -2
12 22 64 82 409 481 -1 -2
1 10 37 46 215 351 -1 3 -1 -2
52 -1 45 612 -1 -2
1598 1599 -1 -2
5 6 63 -1 14 26 496 -1 -2
2 18 27 -1 12 42 87 -1 -2
18 19 27 -1 12 83 -1 -2
2 18 19 -1 8 12 64 81 83 163 164 211 212 213 237 238 570 616 894 -1 1289 -1 12 64 1555 -1 1289 -1 1556 1557 1558 -1 -2
1 10 36 37 45 46 73 74 185 186 -1 -2
279 310 -1 22 237 313 -1 -2
8 380 1491 1492 -1 1 10 36 45 46 70 72 187 447 835 1380 -1 104 -1 -2
18 -1 22 -1 -2
18 -1 26 -1 1 10 45 46 96 148 -1 -2
5 6 63 -1 -2
5 6 63 -1 22 42 -1 -2
2 19 27 -1 22 28 1068 -1 1 45 46 -1 1068 -1 1 10 45 46 47 -1 -2
5 6 63 -1 -2
2 18 19 -1 12 42 919 -1 1 10 45 46 47 322 -1 -2
8 12 211 -1 1 10 45 46 47 -1 -2
20 -1 491 492 -1 -2
1 10 36 37 45 46 206 209 316 -1 210 -1 492 987 -1 210 -1 1 10 36 37 45 46 49 73 111 206 -1 -2
5 63 -1 435 -1 1672 -1 1 10 47 97 607 -1 118 1673 -1 1 47 66 499 -1 87 1674 -1 54 134 135 -1 8 -1 1 10 36 45 46 47 70 73 139 141 142 196 200 201 422 -1 -2
20 52 -1 -2
8 22 357 -1 36 185 186 312 -1 -2
1 10 46 122 422 -1 -2
12 28 -1 -2
2 18 27 -1 5 6 63 -1 8 12 42 487 -1 1 10 36 37 -1 -2
2 18 19 -1 22 28 683 -1 1 36 50 293 449 543 612 684 -1 -2
12 28 -1 -2
15 20 -1 -2
1 10 36 45 46 47 65 70 148 185 186 513 -1 -2
22 -1 1 10 36 37 45 46 49 700 -1 -2
4 5 6 120 -1 1062 -1 26 -1 461 -1 5 6 63 99 -1 -2
1 10 36 37 45 46 70 97 110 251 268 279 -1 -2
82 144 481 -1 26 98 1073 -1 8 22 357 -1 36 70 72 149 185 272 1074 1075 -1 13 98 -1 8 21 22 1076 1077 -1 -2
26 -1 15 20 905 -1 -2
5 6 63 -1 26 98 -1 8 12 42 -1 1 10 45 46 187 -1 104 -1 -2
2 18 19 -1 22 28 1067 1068 -1 1 10 36 37 45 46 -1 -2
14 26 -1 20 -1 -2
64 -1 -2
18 -1 10 46 186 -1 -2
1 10 24 36 46 50 185 188 251 270 -1 64 -1 47 185 186 -1 64 -1 -2
20 -1 1 10 36 37 41 45 46 70 122 194 306 367 -1 20 -1 1 10 36 41 45 46 47 70 194 306 -1 -2
1 10 36 45 46 48 49 -1 -2
2 18 19 27 -1 14 26 -1 20 -1 -2
18 19 27 -1 15 1918 -1 -2
868 -1 -2
18 -1 22 -1 1 10 37 45 46 541 609 -1 64 -1 -2
2 18 19 27 -1 21 22 64 238 264 413 1245 -1 -2
2 19 27 -1 22 42 87 -1 -2
10 36 70 186 -1 -2
10 36 70 -1 -2
8 211 212 -1 1 10 45 46 47 -1 -2
281 -1 -2
2 -1 17 20 892 -1 1 10 36 45 46 47 -1 -2
2 18 19 -1 -2
2 18 27 -1 -2
10 36 45 46 96 304 -1 -2
2 18 19 -1 12 22 211 265 365 951 952 953 -1 -2
2 18 19 -1 8 12 42 237 -1 1 45 46 47 679 -1 12 21 64 -1 -2
1 10 36 45 46 65 70 75 97 135 187 294 306 367 492 -1 -2
2 85 86 -1 3 11 12 211 -1 -2
26 -1 465 -1 10 36 46 -1 -2
5 6 63 -1 435 -1 -2
2 18 19 27 -1 12 104 211 -1 -2
1 36 45 46 65 75 113 351 -1 -2
1 9 10 36 46 47 70 75 76 91 110 -1 1844 -1 1 10 36 45 46 47 70 75 96 304 406 1782 1845 -1 -2
8 87 211 -1 1 10 36 37 45 46 78 92 -1 -2
2 19 27 -1 26 98 -1 8 12 136 -1 1 10 36 45 46 47 50 105 137 138 140 141 142 185 186 426 431 1366 -1 -2
2 18 19 686 -1 12 211 -1 -2
1 9 10 46 47 106 -1 -2
10 36 -1 -2
2 18 19 -1 144 -1 493 872 873 874 877 878 879 880 881 -1 -2
1 10 46 194 271 -1 -2
1 10 36 37 45 46 50 106 271 277 395 607 609 1849 -1 -2
2 18 19 27 -1 26 -1 -2
1 10 37 45 46 105 106 -1 -2
1 10 47 70 139 140 141 148 351 425 426 591 1874 1875 -1 26 -1 -2
18 19 27 -1 8 22 42 87 118 285 -1 1 10 36 45 46 47 70 88 185 286 287 288 -1 104 -1 2 18 19 -1 3 12 21 22 43 237 253 261 262 263 264 265 266 289 -1 -2
2 18 19 -1 22 357 1487 -1 1 10 47 -1 -2
5 6 63 -1 14 26 115 -1 20 678 -1 -2
2 -1 22 42 381 -1 -2
204 414 -1 25 26 -1 -2
2 18 19 85 86 -1 83 163 863 868 -1 -2
2 360 361 -1 362 363 -1 -2
22 -1 1 45 46 73 -1 -2
1 10 78 124 147 148 149 150 151 152 153 -1 -2
20 52 203 318 -1 -2
12 264 642 643 -1 17 127 -1 1 10 45 46 187 -1 20 52 -1 -2
18 -1 12 -1 -2
18 27 -1 12 83 163 613 868 -1 1 10 36 45 46 49 73 185 -1 64 -1 -2
318 -1 10 36 37 38 46 -1 -2
2 18 19 85 86 506 509 -1 12 28 212 -1 -2
1 9 10 45 46 111 -1 -2
1 10 24 36 45 46 47 48 49 95 96 106 679 -1 -2
27 -1 15 -1 -2
163 706 -1 1113 1114 1115 1116 1117 1118 1119 1120 1121 1122 1123 1124 1125 -1 -2
1 10 45 46 47 95 96 97 -1 -2
5 6 63 -1 435 -1 -2
12 -1 1 10 24 147 -1 3 12 21 239 922 -1 -2
2 -1 17 20 128 -1 10 36 46 47 -1 -2
5 6 63 -1 144 -1 1127 -1 80 311 731 -1 22 42 1131 -1 -2
1 10 24 36 45 46 47 106 -1 -2
26 -1 20 -1 35 39 534 538 635 1112 -1 15 900 -1 -2
1 9 10 36 45 88 113 312 429 734 1712 1713 -1 3 -1 -2
12 22 668 677 -1 -2
18 -1 22 83 642 1416 1657 -1 94 128 -1 1 10 36 45 46 47 49 73 940 1537 1658 -1 107 -1 -2
5 6 63 -1 8 -1 -2
15 595 -1 -2
10 46 138 -1 -2
5 6 -1 -2
18 -1 26 -1 1 10 45 46 246 700 1824 1825 -1 -2
64 -1 -2
2 18 19 27 -1 42 -1 -2
10 36 38 39 40 47 -1 -2
10 36 185 186 387 -1 -2
2 19 27 -1 82 573 -1 -2
1 10 36 46 47 140 148 351 1050 -1 -2
3 12 64 -1 1 10 36 37 38 45 46 119 185 271 282 296 429 -1 -2
1 10 36 37 45 46 96 111 271 422 -1 -2
1 10 37 45 46 110 246 -1 -2
5 6 63 -1 12 42 1584 -1 133 -1 1584 -1 54 134 135 -1 -2
12 290 -1 -2
1 37 137 138 140 612 704 -1 -2
